798
-4.054225266178009
-178.57734807603822 2.147730640851938e-6
-155.90631401247418 2.1514464183879613e-6
-139.82823577477754 1.3365288385134718e-6
-133.34084812913954 -2.1374320234309787e-6
-123.29735654007686 2.275066395652534e-6
-117.62991260739174 -1.4077462005424259e-6
-109.8422155192934 -2.5776539342951887e-6
-106.5238807551026 5.367674325726782e-7
-101.5104131881796 -2.0713613747334533e-7
-96.84398613877748 3.0965692547907114e-6
-93.68256926712435 -2.6028132446591993e-7
-90.42458446482665 7.883180153787479e-7
-87.15064419502805 3.103990992455772e-6
-82.73229719436341 3.93206776761317e-7
-82.27803756302487 6.609378908917195e-7
-79.17945752463365 2.585032279661382e-6
-75.6262713044699 2.4912732206967397e-6
-73.51050567221428 -4.792801628857535e-8
-73.1558748138374 -8.673083808294665e-7
-69.90898551592635 2.754142685214321e-6
-69.06772391512747 3.049283869825761e-6
-65.68707980884639 -1.234042351652754e-6
-64.56040687208558 -1.4445900894710425e-6
-63.61777203747109 1.984394926661873e-7
-61.80262044339442 3.4429851746272234e-6
-59.42515825805753 -1.8587881095916784e-6
-58.920865749469016 -8.094171070192407e-7
-57.83494880949318 -1.5538179399538311e-6
-56.44212232679808 2.5950286897491857e-6
-54.822006703284416 -2.8779531048741833e-6
-54.06094601766106 -3.06638735308048e-6
-52.180899996124715 -1.8696930004429217e-6
-51.52523488647956 1.3052295945023185e-6
-50.366503653293286 -1.8921442995347884e-6
-49.65389125923169 1.3266969146183006e-6
-49.15314380899857 3.036665066099582e-6
-47.09188490949715 -5.268052274405154e-7
-46.85417752106754 1.4787799829634108e-6
-45.58753161788666 3.231914791586795e-6
-45.22560008708552 -2.3227711924332583e-6
-43.94244950617293 -5.999413079913585e-6
-43.7367279626225 2.445688652409269e-7
-42.43220833366999 -7.125637611087055e-6
-42.25144634049235 5.759669510417655e-6
-40.93967990054116 -2.8992447108840804e-6
-40.406348638722974 -3.978252361903575e-7
-39.663039032932815 -2.2065809575174173e-6
-39.45453599999457 5.7555453710106164e-6
-38.594746511729966 5.801243459301414e-6
-37.77533323545831 -3.542976411464219e-6
-37.32134657417036 9.676602185019174e-6
-36.622229368638386 6.384318920276639e-6
-35.91646130808563 -0.000019736262156060903
-35.48102420897153 0.000016188614321144154
-35.46222323489711 6.439361421552826e-6
-34.69792256617378 -8.822789821105332e-7
-33.88791031735682 0.00002865186863094408
-33.85889833434648 -0.00004023305509795414
-32.80214901457914 -0.00003315068341833686
-32.578311056486854 0.000049426031355122773
-32.002404410930204 -0.00002362559584283139
-31.42868927163383 -0.000046719872263211236
-31.354333595070994 -0.000028033651859183985
-30.892753032556488 0.000058099890183925515
-30.625065805142498 0.00006142229319929898
-30.029003401029733 0.00007850513751582138
-29.617973185712476 -0.00008773964202207482
-29.31976029266935 0.00007411982710856496
-28.66364584004824 -0.00006696358499249432
-28.526017793738653 0.00013936594478133728
-27.749145826212597 -0.00006321310805290723
-27.64752502763585 -3.845718045885996e-6
-27.473143127726246 0.00014927236109584595
-27.241979053020895 0.00016599055834561836
-26.997666217359544 -0.0000870083638516262
-26.462737650660234 -0.00015787140529999104
-25.922467986772805 -0.00023608288337635346
-25.859653501625846 -0.000307262913134313
-25.64743550123601 -0.00002074148953355203
-25.064203762839224 -0.00016649039356816223
-24.749923001362177 -0.0003342075752165688
-24.398391522247124 -0.00022361522588953647
-24.33124258797446 -0.00016860207922127189
-24.026371704047232 0.00041173878247015213
-23.84921661924101 0.00006440192610318731
-23.756446629033313 0.000038642827748604164
-23.45321664392197 -0.0005055991865368964
-22.948944868179247 0.0002561898491120811
-22.842551239098814 0.00008021558020758085
-22.520536871556654 0.0006430520617753878
-22.309966119691804 0.0007071558647332203
-21.8597200335648 -0.000760631212924801
-21.73297505167173 0.0005304324164465262
-21.509197749093723 -0.0006198646131652079
-21.42487921200457 0.0002489674245431652
-21.13035925084265 -0.00021814630057231382
-20.91610739026519 0.0001309343956270879
-20.77154548971901 0.0009222226892341871
-20.68720903836286 -0.0008713164825281957
-20.35133100090401 0.0007391383167889207
-20.213154319794747 -0.00109534082673579
-19.908631477156185 0.0006320362323387186
-19.73426302135463 0.0012459933916255102
-19.49331616798673 0.0005490336815499074
-19.30264650609533 0.00048639601611286625
-18.994082787208207 0.0005540051107860229
-18.883169356763332 0.0018767813262861983
-18.815376552446235 -0.0005315781952642173
-18.617805042607873 -0.0007866570323846871
-18.448388127201316 0.0011941479348418394
-18.31429214234832 0.0007452517552429735
-18.171439275744152 -0.0005488290679787212
-17.919942118683004 0.0022175332344380955
-17.84716684390416 -0.0009576190403504817
-17.704227212728995 -0.00162607625555066
-17.388102874145048 0.00012607284102927757
-17.214933697797854 0.0023879019422513937
-17.019696183398842 -0.002306305670097807
-16.96111096066419 -0.0004418228008551687
-16.780826201757765 0.0021540126563532325
-16.6792524060711 -0.002376734915769966
-16.441248243243937 -0.0003607349758437344
-16.373205581304642 -0.0027939276626938697
-16.26462626153214 -0.0032118204552586517
-16.02420987551327 -0.0014910319542559068
-15.99268501994866 -0.002572106439222025
-15.815895601881422 0.002784485463651982
-15.62771440732006 0.0027274581197189616
-15.546549259133544 -0.0001253710766642103
-15.475147272880418 0.004196010458549343
-15.217655520507204 -0.0002484831064426332
-15.027905204938369 -0.0003216906231727825
-14.916798602228758 0.0021643147683620516
-14.790289001832004 0.0043437003883679635
-14.742488136451612 -0.0007854980796645339
-14.677698765632954 0.00012206558711481536
-14.550442762744005 -0.005153344986676386
-14.3723544910878 -0.00005679589594487726
-14.19926041732725 -0.002857367021468354
-14.142869343371567 -0.005212759821506171
-13.990767194076316 0.003808836749204211
-13.829533424632293 -0.0026173131058672867
-13.644152958728704 0.006243651369248964
-13.625347328731673 0.0023629956782259113
-13.594723929710192 -0.0010969356180073311
-13.461421559892182 -0.006030250060998538
-13.26342730046074 -0.004306733412314136
-13.211894578660868 0.0070967867689185485
-13.043445486918538 -0.006570860422163655
-12.944504758739265 -0.0025352523635655978
-12.887936616298827 0.0004155755020132148
-12.77708028737982 0.003718676500532474
-12.758538506100788 0.004117978749300918
-12.56334340127134 0.007649782396364746
-12.513264122152746 0.004291411610847243
-12.308457336683704 0.0005908015633526574
-12.247559159579406 0.0026060835939974198
-12.139385511521958 -0.009751723204904146
-11.999737567406811 0.0032830114936451783
-11.885529756123342 0.007474702713078528
-11.834600437623093 -0.004811849716554504
-11.745918861838545 -0.006157743494290848
-11.682590492563476 0.000039226447411452505
-11.600934337827397 0.007813504577171806
-11.529176992313245 0.0063173547641665415
-11.406511651721523 0.0061618439955625545
-11.307643831146272 0.010872213588146374
-11.169752165077767 0.010996612139817855
-11.135363980715875 0.008832805056923528
-10.989661944915222 0.0058744195711500375
-10.952202335790107 0.002509775308327536
-10.909035978806047 0.009747230232059844
-10.824388966839837 -0.009029534595746243
-10.703289083522517 -0.011194423666632303
-10.537875953582613 0.0018692187488812662
-10.479767162145905 0.0010038119676719348
-10.422424411624268 -0.013061932680556576
-10.342477571994698 0.010023261109836448
-10.236836956982092 -0.006907084734813762
-10.197357695441898 0.014598265056043233
-10.172853153199656 -0.005438785348791915
-10.012937304246329 -0.004946139961916501
-9.936584505974315 0.0022848531544576974
-9.868629431753885 0.00415457154729234
-9.848342112503264 -0.0010066360333253169
-9.73744815132181 0.012061984225632595
-9.64455042414397 0.014745594581067495
-9.56985481536523 0.014504247405771902
-9.486859605506835 0.004518278370608148
-9.415973455600632 -0.010261784825000446
-9.34597599869293 0.011719277337771275
-9.243299821992231 -0.017273235842228247
-9.215512906000763 -0.011703168900418654
-9.12854600364354 0.0022118561075283954
-9.040085049992035 -0.017502747669480394
-9.029368566102123 0.0009999992298057618
-8.906287122245148 -0.002996013510951794
-8.869885318964174 0.0035260480349823308
-8.827012203421713 0.0072765566485733955
-8.721548492344576 -0.017126729286939445
-8.65629901850559 -0.011903314829803916
-8.624821457685039 -0.019729180038256564
-8.532726501362932 0.011295877527251185
-8.473696796603459 -0.005867174527005193
-8.373801595446032 -0.010693630051730336
-8.291668375139503 0.02100436020737505
-8.246533788073268 0.014982220525918176
-8.153314870888728 -0.007880535519606297
-8.131740566005863 -0.007106030635563309
-8.066991372927152 1.8931522752753776e-7
-8.026647223381708 0.02078711697742882
-7.950443783602498 0.009236445041165164
-7.9311274101650495 0.00023441339651505716
-7.850732193312755 -0.02455301417158468
-7.822992659810631 -0.0089358612431453
-7.71079791412361 -0.0016184210620844382
-7.663918079717107 0.011867558109194955
-7.599154647238034 0.014944313760114503
-7.538910818441692 0.027772555517386173
-7.496325997072613 -0.00689488486178316
-7.404557796851586 0.02493383558706494
-7.36674316126076 0.016412757275240865
-7.2871464276266895 0.019815896725973524
-7.246854154619194 -0.019672324154878098
-7.196025734824154 0.00539615529767549
-7.177406510181821 -0.023005164633356397
-7.095341660466154 0.010958038823242443
-7.039280467539786 -0.01148305458423702
-6.99877484065714 -0.019673398368115224
-6.9499786820112375 -0.020257746428037716
-6.883319341987115 0.008749922255943326
-6.826015139544817 -0.021289565690958415
-6.7798722030556196 -0.028048167132886194
-6.733684883747476 -0.025133833289529683
-6.680951632399689 -0.025954811208762776
-6.630829530733661 -0.0076498339907164255
-6.617767042962316 -0.027917078598034047
-6.56480578467955 0.021150055820906948
-6.484056809744252 -0.0064441135474787225
-6.412220229040022 -0.02115978772981108
-6.355181480690799 -0.00984414139923415
-6.329135009034555 -0.0009959514772888017
-6.304774039869091 0.010008064591666217
-6.235969449390258 0.021507769970060053
-6.197908032476781 0.015108533678336044
-6.1260611883765845 0.01762524320440252
-6.097632304174088 -0.010390115945528305
-6.064523056247467 -0.040007391219412415
-6.004932675941943 -0.03056336754355351
-5.968971266586398 0.012248172887989009
-5.9382769813157505 -0.00010041044908956577
-5.895028174627047 -0.019805067211965868
-5.8705797158480175 0.03552206609362804
-5.785801754205573 0.03257912374100717
-5.733721633162646 0.037342189834402455
-5.70899353097577 0.012258544441148413
-5.650056024270182 0.03139424761655584
-5.622262968502093 -0.003721472094595185
-5.557077240889434 -0.025312234957159684
-5.501544517235367 -0.03039084847999467
-5.468925352403581 0.03643360710228451
-5.44379277554394 -0.002360467214674983
-5.417315128318262 -0.013979055731571308
-5.370742645855637 -0.013165958808486334
-5.333695923453865 0.02384073665435089
-5.286098249392815 -0.01162575724850663
-5.263806656054023 -0.021084621244552366
-5.234980244956635 -0.025354329897539597
-5.179140066772033 -0.030927740359416794
-5.122333279741711 0.018970937293234794
-5.092804358752201 0.04230832652423225
-5.047283248984627 -0.04224353596708858
-5.033931671434131 -0.04684388752711015
-4.990523946563662 -0.004391659773917603
-4.944740688977494 -0.045127639743249466
-4.918227627945228 -0.012838346166609824
-4.846334408396546 0.02690131231663965
-4.816396284858377 0.020251362649061775
-4.8004612791574015 -0.013145850468145552
-4.742868684958019 -0.03300618414591266
-4.727662922592476 0.012359466270708611
-4.670509685653519 0.01406700249921735
-4.649929047300738 -0.003192964060718314
-4.627572701281762 -0.01909965224521644
-4.585865313885019 -0.010598259912638835
-4.561026090657502 0.053034793666131085
-4.53817045099386 -0.025853173398198745
-4.50355644370317 -0.029234151395039935
-4.44707782067139 0.04361221288575766
-4.423944693872219 -0.007664311672475056
-4.401883065930044 0.025044136455320082
-4.329636681330011 -0.03129430149525572
-4.316248394589083 0.024781765778589378
-4.282490237712731 -0.02727567081911449
-4.242601816872031 0.04654259162381927
-4.222007295327353 0.01703367194975788
-4.206050376862744 0.05836286733808221
-4.1413422683978665 0.0059605507252355255
-4.096991011659834 -0.056780895714884934
-4.084787271556456 -0.03167017008082991
-4.076198658698334 -0.030310526209207198
-4.038548667768618 0.03146901647941852
-3.975778303106584 0.026064610842219532
-3.9666895715603094 -0.003631779488711188
-3.953355757032386 -0.03210685174078487
-3.9103422894354614 -0.0176024219315454
-3.8906499599534743 -0.03130433816750711
-3.872389750440061 -0.028147251320261624
-3.817884701831454 0.034632269656096976
-3.778496855967461 -0.04240036212914742
-3.7557127433493354 0.018364989306033426
-3.7346249801723 -0.028154030236255494
-3.7198393423277043 0.015385390262872865
-3.671822735634026 -0.035747572733373666
-3.651399405908791 -0.0015689235277419776
-3.619211882597779 0.046622228742262135
-3.598250049741907 -0.06374536347876691
-3.582450701806078 -0.06886981227797448
-3.5509802991324553 -0.05020881991463489
-3.5039004377459153 0.05959312319735015
-3.472911154302835 0.04610916652735191
-3.4626816821872546 -0.06975983876972508
-3.4475058450817118 -0.019609952671258375
-3.368327496223584 -0.04972368980086561
-3.361872343563141 -0.059130228578529516
-3.3584566132915716 0.005267168681127678
-3.3010459132554266 0.007987356346396978
-3.2920061395373508 0.018503100914493698
-3.273902644720709 0.0060859203378658645
-3.2524698631350453 -0.007466304738545969
-3.225601450865194 0.0007678320856234001
-3.2185112209858646 0.004027234359165467
-3.210012739905736 -0.009110585515098106
-3.16214511386139 0.022878740480452915
-3.150301342205183 0.008802759321683468
-3.0987387538424382 0.04042822083287451
-3.0791778667893137 -0.023249419499872265
-3.0501377754809247 -0.02264159836114918
-3.0400406467539947 -0.0511283334894331
-3.00656365657227 -0.047674824564248
-2.988534292868085 -0.08645083165269482
-2.9606124025571017 -0.00019516084795017868
-2.9324038672310686 -0.05870901556459736
-2.9077243360278726 0.013135641768557232
-2.897628164334031 -0.06071818916095856
-2.8782480261923244 0.04514879273617109
-2.8613724402458183 0.023921036051624083
-2.827389240763518 -0.044277188045637135
-2.8021817718915663 0.018408568140430983
-2.7870351160972286 -0.05678732552176606
-2.767215426862207 0.06772049869497582
-2.739418348659657 -0.04849440661830052
-2.7291322613639566 0.05212828042944526
-2.713200527313473 -0.08260554117550113
-2.6942244991519795 0.0564433908534489
-2.6692147902740238 0.0008701242540244572
-2.6369514126544886 0.015390243703423932
-2.6211649181573073 -0.018732803985503543
-2.5798260652663534 0.001521487164748288
-2.5756860132598374 0.004850733571442432
-2.5521564895921727 0.02393562532707886
-2.545944302129114 0.03224753882379623
-2.512141537157485 -0.03528282593430057
-2.5021831562750623 -0.014205740899537809
-2.490806937391203 -0.04214497438512753
-2.4519139970488966 -0.010921343413317696
-2.431586031363843 0.02892634380679624
-2.425188679385274 -0.0037089755282149386
-2.402753657501201 0.10146699733023345
-2.383012331905401 0.04115870315552378
-2.37086861029526 -0.09026200628938551
-2.3610554699674773 -0.0021020085669513746
-2.3226094103993336 -0.022664736910522586
-2.30440997722247 0.04174708133824281
-2.290147297563026 0.0948587726118367
-2.270492995186995 -0.005685830584308772
-2.2503692289924033 0.050576723941331246
-2.243038751971862 -0.07055118008423439
-2.2126739171326992 0.09735585632153697
-2.2025029292603526 -0.01710679282222461
-2.1938593330688323 0.001302180124831619
-2.1806369907205516 -0.007507344185325917
-2.1314307790968603 0.025934144628299034
-2.1250985744672435 -0.004486366800051096
-2.105271523275114 0.014318813586206229
-2.094643307384761 0.024055010480463827
-2.08321105196255 0.013301235653419416
-2.062793716669897 0.0420162708317643
-2.046412678713918 -0.03263385546348576
-2.0373968318587194 -0.022963450836931427
-2.016490117731892 -0.004715320004069103
-1.9953127410218858 -0.051726483724402715
-1.9810472670737715 -0.08773399213342363
-1.9728547563648127 -0.0640624428920313
-1.9642826817785162 0.025304964873051363
-1.9485218346357225 0.023003992469804998
-1.9293264061340387 -0.08718676316314856
-1.893683925722623 0.0352513292527174
-1.8752018911424002 0.06762303199688201
-1.8612501914527648 -0.028868059251591284
-1.8502282044004739 -0.03139921612395442
-1.8416372257771345 -0.06181336183696127
-1.820456278104434 0.005390584313662215
-1.810577624881386 0.07673803381834209
-1.7840673863828715 -0.08706933379904176
-1.7705700509189517 0.13104312870653853
-1.7519402223814602 -0.05983747728099573
-1.7495502735099664 0.07869477567582571
-1.7438142739308515 0.04617120743475916
-1.7354767686535217 0.01874309880751651
-1.711697659448408 0.04153748499111815
-1.7044871329266726 -0.04125347090786114
-1.6865311052840553 0.022320591111325404
-1.6770255066402342 -0.04486824152898222
-1.6439690453707625 0.0018633715745200888
-1.6324176712560818 -0.04602268598712697
-1.6256974149101153 0.10238820143348668
-1.6190618423366308 0.060348196051163226
-1.604543685530629 -0.00048549508670642667
-1.5986648081811583 -0.03402653804887771
-1.5786342795861865 -0.05389072550713795
-1.5545596697280624 0.04815484264542774
-1.5438009538145896 0.013529041134270028
-1.5319882393497373 0.01595186005757949
-1.521418185480819 0.027494610536180474
-1.5054044605289756 -0.006946472716196537
-1.4894243205531763 0.006330359451197566
-1.4808337901146593 -0.00932499465817963
-1.4576255170982853 0.028379876917492178
-1.444883699489587 0.058701145063378445
-1.43997166623637 0.02841252823050545
-1.4088069101675833 0.010886922795619251
-1.4056460445216872 0.00713362395237868
-1.4008724052818229 0.01666762779879288
-1.3923478976025436 0.020100270465922943
-1.3797791826978927 0.06367298909528532
-1.3766416350145734 -0.024067139329029364
-1.3695269421742142 -0.13713042395490319
-1.3402186192542411 -0.04027113255124123
-1.3278599723388758 0.08279823556852546
-1.325765340909211 0.12606638212250001
-1.312956596814189 -0.1293114480837283
-1.3025303015581715 -0.11360964491479257
-1.2919234246284554 0.13698920378993634
-1.2880479246188465 -0.11013548902547847
-1.2782118361192463 0.08774248641473517
-1.2642791230175203 0.04247513255198322
-1.2442386250530526 -0.009300617841222367
-1.227603726778731 -0.019184261838811372
-1.2233234152082266 0.040782261632945516
-1.2105023482206485 0.01739707931518582
-1.2037867604727173 0.04596556040691301
-1.1924566712033702 0.027035803286726973
-1.177909023700258 0.009729693376899178
-1.1701186906474905 0.0280414113111781
-1.157738379116044 -0.024945228416931572
-1.1439151218538113 0.02196736105122377
-1.1292461471867148 0.0038209448184337337
-1.1249707722516018 -0.017452083944029258
-1.113080954260389 -0.0075109480315909615
-1.0985834806342276 0.014322930001825393
-1.0920123503090526 -0.029422300717425836
-1.0820556282579765 0.005444147982511405
-1.070860167995259 -0.04537674880862535
-1.0683736320671033 -0.060867719288153564
-1.056266699354424 -0.06284462629251017
-1.0555169623131446 -0.04270311767923352
-1.0377090500183794 -0.06658534976796614
-1.0290525098586303 -0.06119735053156286
-1.0228023004928681 0.16004988352559757
-1.0143739107864975 -0.17305122909785806
-1.0101083864288098 0.17791050531268052
-0.9998536873987116 -0.006128678040791668
-0.9894696515215483 -0.053156285630413615
-0.979742006292816 -0.056246871275359246
-0.9727429979953155 0.002531262069160149
-0.9669713171360416 0.019760969436478638
-0.9487764665479228 0.13179492965483772
-0.9446440885556588 -0.026678917353527794
-0.9299206934964301 -0.1330914899599902
-0.9246277589904617 0.17750141396304844
-0.9145842638611751 -0.16315306972329374
-0.9110074271728403 0.09103977851135481
-0.8984046307248379 0.128613112594893
-0.8946793249682551 0.033596797822929986
-0.8898864473890853 -0.007800452328077746
-0.8800374037569552 -0.030024070912250678
-0.868077137847599 -0.0014996506678300883
-0.8617216678974027 -0.019203717972656627
-0.8492698101843749 0.01958983072540209
-0.8387683407090927 -0.005582926965807857
-0.8321259867108516 0.023062503956386336
-0.8255084315020784 0.029219876014631798
-0.8166772394690288 -0.009214406711044162
-0.8096563137336505 0.028159031935481377
-0.80842760231614 0.08668414757811944
-0.8009306696803159 -0.09822584798263131
-0.7986467462316386 -0.004674101813635698
-0.7866953656964889 -0.1069961458003046
-0.7799802696007453 -0.10267437748314888
-0.777448478154486 0.007821982665411033
-0.7655419632529474 -0.05448952702725407
-0.7583405244273975 0.10611819634561465
-0.7513560820878857 0.06015023194749529
-0.7443693031796229 -0.06669981185572557
-0.7315782719226407 0.05176204243681229
-0.7301148528528765 0.1405807574309873
-0.7208743157951851 0.09945668044948398
-0.7169634438799205 0.09657450526652692
-0.7047992747041897 0.19861155903929004
-0.6961983498999436 0.11894975055506482
-0.6934186149240077 0.19988137441845033
-0.6913403052218008 -0.1196710216997763
-0.684706041653274 0.10448559547237872
-0.676997881585325 0.0014969908876826749
-0.6661355894000923 -0.03743709284431044
-0.6570780841767506 0.15568163051983827
-0.6500398461404318 -0.17997470355787243
-0.6499052544494215 0.04144981330703769
-0.6444821508545243 0.20432959517523824
-0.6325762467087959 0.18268227736019213
-0.627479366850229 0.037378154882144604
-0.6248836706514692 -0.16310779773943965
-0.6239775031996279 -0.0977052696449783
-0.615842149197841 -0.010165414003512412
-0.6078349929294614 0.006981043881665337
-0.6031699247367626 0.015852045692751
-0.5924668655942354 0.07947203356068137
-0.5869250607234466 0.002743778214078885
-0.581959571219861 0.058493953657646404
-0.5732418788076107 0.05289280047415967
-0.5703971969025832 -0.03069318007370958
-0.5679555413328345 -0.08770201572633175
-0.5663499374165767 0.08695220890828713
-0.5564179363776388 -0.11856879844102548
-0.5539564071663527 0.0872346008260246
-0.548191963457709 0.06800230438314459
-0.5414745975952704 0.09087993436625241
-0.5343846268696062 0.09640017224897561
-0.5296734053733585 -0.09533196552766388
-0.5198413827074955 0.06932944995628958
-0.5189182725140487 -0.10490758987164822
-0.5163974345692767 0.03396474294928853
-0.5006400790556704 0.040881322160968334
-0.49801679744061966 -0.21218028543790385
-0.4968901877599569 -0.06927247949252459
-0.49176499569801174 0.1904842732461666
-0.4869552841772683 0.01598955833132756
-0.4848551376984413 0.14698236314667346
-0.4782791302091832 0.10624233056999852
-0.46766163705681624 0.01798302244147332
-0.4662039721281385 0.11311887545759397
-0.4631098790628011 0.11164034168015055
-0.45797726584763415 -0.13737601504033525
-0.4517423270377755 0.014519697498799496
-0.4458404065038594 -0.25715470512123684
-0.4422497764424806 -0.13560229908898647
-0.4407136267982594 -0.10810487673181206
-0.43422199162170655 0.014642691976534034
-0.43195437686735133 -0.049611876892354384
-0.4233952889777156 0.06161594095749697
-0.4189530421719571 0.00041310015172570303
-0.41772117807546416 0.1588704394956013
-0.4114880650634235 0.1585553545388921
-0.40590069544297186 -0.25961014518600817
-0.4031304027239429 0.18019917563683782
-0.39974701829999987 -0.04814353402076953
-0.3960576968803318 0.041788951631348076
-0.3897439956838464 0.001785405276484259
-0.38781295474485095 0.01574355490461983
-0.38231139298426287 -0.018799468955360086
-0.38094602347110884 0.030453500414567618
-0.3778686037805041 -0.039627375042139756
-0.3691031531777703 0.011721928971724308
-0.365479281982482 0.06342537020532014
-0.36153254940980484 -0.13864232679315347
-0.3586948704519992 -0.19568313526540387
-0.3547789348169087 0.023600403333661434
-0.3531426484496781 0.029966388833943952
-0.3477264605378475 0.0786639594865327
-0.34363194394613866 0.021019164884041434
-0.3420252490042503 -0.0660166850090684
-0.33187173327869807 -0.04348441097028386
-0.32764059877810314 0.1562937368717147
-0.32531817562060955 -0.08931583308964007
-0.32305010001149437 0.1538635275837872
-0.3216518234127866 -0.1924372794079267
-0.3150796111643676 0.11416115947048704
-0.3148667602456677 0.01802844668077011
-0.3101729084534578 -0.089999325855164
-0.30501386759466514 -0.0799468637031082
-0.30216396695886344 -8.475728913628378e-6
-0.29922611360256934 -0.01535336499078433
-0.297866175983013 -0.057943366195275896
-0.2912508493365124 -0.18048502295688898
-0.2887746060748607 -0.2514652271666744
-0.28823970447543784 0.23284670628216667
-0.2821197374480665 -0.0774396375795248
-0.2794283997926717 0.09998035589110009
-0.27439973031672915 -0.013373803004208127
-0.2706891717095021 -0.11630809446083167
-0.2677566577848925 -0.22149722760299273
-0.26283990339714974 -0.3114575675584952
-0.26076637088063326 0.06904416910902306
-0.2589762550783448 -0.29625755424826966
-0.25844037231171674 0.2546768731227777
-0.25414665041121437 -0.03892759326354643
-0.2513978386881105 -0.005253778976482515
-0.24986408112793562 0.08998269854122395
-0.24788316151329914 -0.0033474567423297853
-0.24535033786225546 0.06386800329955755
-0.2418130882170174 -0.0951051715115697
-0.2383753935977037 0.10994638105132018
-0.2350321518709234 0.05612102783989127
-0.23172355003650938 0.14055438807784718
-0.23043406618483497 -0.10219689726475828
-0.2252194191342107 0.009156393588904323
-0.22358611579529844 -0.015396556800055977
-0.22003377788595593 0.047431176326866956
-0.21522723291283102 0.05319974769348481
-0.21391821273264477 -0.010333910565145895
-0.21055543243694627 -0.0646471078355475
-0.20602382482454726 -0.08814688715250055
-0.20379757609690424 -0.1130962838714837
-0.20227040205904145 0.10987716015890953
-0.2005811791008125 0.11717540969448666
-0.19771901948748227 -0.024945152893702947
-0.1948422606625141 -0.19161165183520962
-0.19320756362406222 0.01268989049263745
-0.19295328994696856 0.10245288349737983
-0.1908741579884578 0.19054150489998806
-0.18586394871457165 -0.07138959387432033
-0.1849525923986886 -0.11184241631037933
-0.18194803501885282 0.04123879630259212
-0.18052450269969686 0.11218207984026807
-0.17922419994573463 0.14641381969351097
-0.17466465300219036 0.06422003797316811
-0.17161475544127075 0.27048863715912097
-0.16953708351231112 -0.30344716929907173
-0.16745739530865558 0.33639891732882715
-0.16519205925997255 -0.23208692371359368
-0.16376564591334747 -0.3855005476573843
-0.16159486368669743 -0.3840810316207134
-0.1600519325800991 -0.4566534481827239
-0.1561645388654593 0.33909683016995584
-0.15526659533277687 0.06181725161385063
-0.15437778896866558 0.10632293339423876
-0.15036448788615756 0.16120110723074096
-0.14791760316126215 0.07339422016469442
-0.14663503632719851 -0.13122961350454565
-0.1454313898626126 -0.10911560176119783
-0.14267450320383002 0.07605178535564969
-0.13910900719748928 -0.10709394238197481
-0.13901855474870642 0.08935992825780242
-0.13668362254987168 -0.032402780349267135
-0.1353745223967396 -0.008236057025218943
-0.13329371521306754 -0.10021895579261068
-0.13105370471279862 0.053081709919698204
-0.12896754616419906 -0.0996519930486121
-0.12765222212916924 -0.10323843684133233
-0.12651935882595539 0.06428561101390068
-0.12454681676751014 -0.007600556440164295
-0.12247085061455916 -0.06746956595847843
-0.12081674050887903 -0.17902642729309942
-0.1203170429076118 0.20057068392270372
-0.11780391846168448 -0.191485570728234
-0.11514628094903853 0.09212212142023805
-0.11348664763742247 -0.10913747036851065
-0.11179904805300638 -0.2444242802986305
-0.11077299804020647 0.18734983667657287
-0.10804227408238914 -0.1757383217207947
-0.10626218897453153 -0.04125825294759855
-0.10479803857773812 -0.26562074705878846
-0.10384458777313345 -0.26747827652440315
-0.10197772733121149 0.24275388025924294
-0.10145744996038761 0.3484532384267306
-0.09927690814536615 0.35396335917291466
-0.0979630424808544 -0.5233801095542515
-0.09784941300745842 0.5513284618564555
-0.09434762490327765 0.12569799332790207
-0.09270716254315182 -0.039770450465381996
-0.09201675610752141 -0.34338499783511794
-0.0908353911013659 0.5550075383359063
-0.08904918809617283 -0.2117751715204234
-0.08679472986816159 0.12365301143546761
-0.08464306720150586 0.4881121841625056
-0.08435709744269307 -0.04054737773481032
-0.08362432241709021 0.03337497798338454
-0.08219166761529943 0.2554675171892141
-0.08058495154024463 0.053110657482513916
-0.078548286750953 -0.05964930645072471
-0.07798056979962616 0.15741675572535258
-0.07703229186698936 0.08328200120790683
-0.07572117965610771 -0.012825846872111335
-0.07512711646407197 -0.0615811171719699
-0.07389539796229616 0.14956621956320942
-0.07358605805367797 -0.11240442806058218
-0.0718139832667633 0.020416137801743214
-0.07008060764638059 0.2754264568051478
-0.06886026535242391 -0.1917587940767698
-0.0681012274753582 0.2127506310905363
-0.06716800832756521 0.06837724424027336
-0.06500712598053321 -0.23977450190671387
-0.06407466727141889 0.09498210833308729
-0.06183045560732534 -0.05206646557420696
-0.06166662457129998 -0.14957468452028122
-0.05973871440921098 -0.39655763131840904
-0.05961270123253618 0.1118466394096325
-0.0587781311323152 0.49493180386788427
-0.05728901557840791 0.3171079695177018
-0.05578348393894489 0.49023330530465814
-0.05471676408438392 -0.27793485594695566
-0.05454086140310438 -0.5522662816527387
-0.053108815503080165 -0.361250312654971
-0.05206768142175201 0.606506777883487
-0.05102509243400415 -0.6101045816089814
-0.050330932775962095 0.5570057986541184
-0.050065462137430745 -0.5376558177041667
-0.04873468804905188 0.6859542442610677
-0.047672347760453454 0.679637168918373
-0.04661870830263456 -0.4645834688353805
-0.046139013115302295 -0.5933158985344136
-0.045576613502639966 0.21201961858255713
-0.04424219319566797 0.6570578667178373
-0.04295427535784381 -0.46349083979186395
-0.04266913324648862 0.5822680971460052
-0.0415200411107225 -0.30095048586329765
-0.0411260198140492 0.38041677355593806
-0.040384730494496486 0.03199724426771422
-0.03935806357995038 0.32245327444514055
-0.03881967296802714 0.4513903608744104
-0.03734215057606113 0.36926125987273684
-0.0358862429454033 -0.25839305442512656
-0.03511200887498224 -0.11507589714569828
-0.034699473989664616 -0.14740226080977445
-0.03377808394836172 0.22339512415452414
-0.03304901789532964 -0.34374628352607145
-0.032400060888517664 0.1547067238517077
-0.031871464942227014 -0.3024206452516213
-0.03141991453971431 -0.16347738485068528
-0.031101126452193158 0.36822904648900223
-0.03069665794282409 -0.39775234524998704
-0.030152601500891035 -0.475969403382116
-0.02960127966495015 -0.4719591895096004
-0.029092008624867688 -0.5415924923550385
-0.02814787279744699 -0.4690942951115676
-0.027883718384573455 -0.3210918794013484
-0.027208863475217004 0.32855482080602777
-0.025819093579203374 0.5842748649299485
-0.02517935284979946 -0.23663040128887938
-0.024483149072595137 0.679150312662054
-0.02284220235548516 0.4780059310587399
-0.022592613461960825 -1.1032897480516604
-0.022186544019164214 1.2663814376156626
-0.021239063674313982 -1.2359109449049135
-0.020493868375938033 1.1086456053459848
-0.02010977748946389 -0.2096282195908667
-0.019257644482605564 0.19123481782491583
-0.019130298277659618 -0.3118853789533684
-0.01869951017042854 0.18041431057533233
-0.01822267139169002 -0.3328765295021805
-0.01773450596841733 -0.15114114799524603
-0.017632384473156307 -0.08895559919181371
-0.01728652472327192 -0.1369440235095766
-0.01703450834495885 -0.030927839777717563
-0.016970103014125226 -0.10729368129996704
-0.01644529340461862 0.07329218209023203
-0.01552871115612013 -0.0581511566084514
-0.014874019403694563 0.13999936757151096
-0.014660374132121548 0.05183188780983121
-0.013289966676469013 -0.2782123730530215
-0.012648397784610505 -0.7555692895436301
-0.011802467461912661 -0.5400782912200894
-0.011068035722471573 0.34805684172641316
-0.010570396837488297 1.390152159269429
-0.00994770004733545 1.295819955773657
-0.009673409966254083 -1.3193942103271183
-0.009510344144231927 -0.6962704517080139
-0.008840513743572897 -1.0564610481845451
-0.008513352067325645 -0.3858730234207389
-0.008360953052198842 0.6414589949969995
-0.007903781302052736 -0.38279590160812743
-0.007708947472173068 -0.6879308781342145
-0.007433818706311235 0.10221674822016633
-0.007201122965393302 0.20503808843456045
-0.006202078456865691 -0.5282492588411356
-0.005411287572509406 1.0106402318428251
-0.005103306744247985 -1.2803235227517569
-0.0045574158190262145 -0.0038355297327963105
-0.003907298044073779 0.5702760509891331
-0.003439788893889826 -0.467102879132449
-0.0030635205866930163 0.3459483315822756
-0.0028214877973214807 0.79139783311772
-0.002524022289808726 -0.9081213009665302
-0.002442008701949893 -1.3120636598288886
-0.0021462801735104313 0.24417814378108665
-0.001963157929381152 -1.616175581894776
-0.0016792082731702026 1.923665736840686
