448
3.680120089708337
-126.82781950381313 0.000024647385211207353
-107.1812532881477 -0.000024603234479161847
-94.61370565567094 -7.03107742627573e-6
-89.40608431880298 0.00002945576568128259
-80.38572719855364 0.00001881020940136805
-77.04760946324214 0.000026944154948014368
-70.02991581721496 4.176660477073068e-6
-68.71876700319532 -0.00002748981514101774
-64.08497120993601 -0.000020399067332412397
-59.99483342239918 -7.451442225208732e-6
-58.79900977757177 0.000034100769290151955
-56.355973283970904 0.000016457884184102482
-52.67399172994415 6.962395069655583e-6
-50.34788416375941 3.9389574068410205e-6
-50.17561932098949 -0.000039335368564866915
-46.703321704406164 0.00001145940750179825
-46.5042824821613 4.519982268605324e-6
-43.74775101367003 0.000030964668002875336
-42.496224563349145 0.000030471246216192566
-41.98959235830057 -0.000014546857432397623
-39.676705572631015 -5.437219786895639e-7
-38.364182857929904 0.000023441119101591048
-37.43192582010419 -0.000050939566336657334
-36.840101925970565 -0.000024054196594540164
-35.68469162513741 0.000059702592254507215
-34.67993742840639 -0.00002813311674286857
-33.308151164615936 0.00003487819748595665
-32.47085156056468 0.000024489750629431424
-31.704874646729234 0.000011665742774744302
-30.97237128610979 0.00003220086933161607
-30.65415931382172 -0.00004530545708569305
-29.814932793266728 -0.00003426395343686032
-28.42890294140943 0.00013017414101389025
-28.19030519007102 -0.00014175533057696744
-27.311574213779732 0.00010228441143904687
-26.740068809740027 0.00021832387543057976
-26.582533046659016 -0.00023968098926181177
-25.515870690968633 0.0003736403616823278
-25.33046452659364 -0.00009196387749070271
-25.158164198486528 0.0002333475659004225
-23.956865979308198 0.00029532992799368276
-23.422536276879935 -0.0004689294075790201
-23.119323587132488 0.0005092631816385745
-22.624846031047422 0.0002449729111095884
-22.35113462322871 0.0006012388537725661
-22.04207616915573 -0.0006462465306683735
-21.49679521929036 0.0004964335498602572
-20.98636701201285 0.0009638947076503756
-20.94174009214996 0.0007866378013988577
-20.35818143500784 0.0008966726793925666
-19.881140270006487 0.00012896022764392008
-19.392961466697457 -0.001370893832619971
-19.065627219369134 -0.0004698160960377742
-19.02879801644413 -0.001668457333530216
-18.706297584727547 -0.0003173832398523106
-18.39315548259958 -0.0006127973830150424
-18.229428108813988 -0.0022190098173873935
-17.53626782458241 0.00187141616766534
-17.453973122527366 0.0011859453923826024
-17.11114229643375 -0.002418985034717571
-16.82102497982117 -0.002524617742128488
-16.486832099583086 -0.0013616754476234276
-16.27691243875497 -0.0009602769863514065
-16.01961654699382 -0.0033793406179282166
-15.924144715200939 0.001347845945069426
-15.64790456022777 -0.003072060243502451
-15.45429321436462 0.0005542863031708416
-15.054277922890796 0.004859653419562619
-14.665192142031097 0.0018284037436956458
-14.655139417744442 -0.004774795168959074
-14.480838277910474 0.0018194188811068255
-14.191422540776168 -0.0026803674591961693
-13.877040877614563 0.006084885714734363
-13.778274962461335 -0.0020990725834508454
-13.614578629731184 -0.004788949499871657
-13.383696278196654 0.0061503833407162405
-13.270208888550961 0.0005085431249803675
-13.038892328339829 0.00525549651556083
-12.884773634099371 0.004427818715751708
-12.434172028943067 0.00805443919981275
-12.282404566482686 0.0070690274522895846
-12.212071583708878 -0.00872041517704881
-12.079735969033031 -0.006706042552053978
-11.983017971091957 0.00494633566555484
-11.849653387853646 0.005818809158830722
-11.542556004277998 0.0069267033103531765
-11.49148746359025 0.01067193997083766
-11.15534584338961 -0.008158581205466819
-11.07718893278694 -0.010240218251452823
-10.898659685317789 -0.0018641920470860397
-10.777251094103269 0.01279478388714004
-10.709272315611075 -0.00983669051982021
-10.512842637060139 -0.002027194826366026
-10.239942975391365 0.01216182616616896
-10.21383992069203 0.00015239989195801252
-9.963244650013108 0.0009692479365680812
-9.931694695510547 0.016502376440227954
-9.796831651065139 -0.009696476711032515
-9.737325688174002 -0.010349043523449966
-9.466164546042693 -0.002785896972884996
-9.386181459237108 0.018163357081381518
-9.316171716312782 -0.008260046684312695
-9.171922578704379 -0.010470776679651827
-8.94715124978932 0.016224605791265168
-8.82564531118931 0.01025712689605221
-8.722637078533147 -0.020506646215956343
-8.65168968118012 0.004558792611856943
-8.52465156803804 0.007729249168804303
-8.507620381481043 0.002611547894965412
-8.362655620966176 0.01096033693605728
-8.139354744111971 -0.020915863985957385
-8.098815028578048 0.020887387898429647
-8.03996611003152 -0.015337834690551876
-7.823668042494149 0.018088043873365826
-7.7539341841441765 -0.022506056191132034
-7.6233864757732634 -0.0019254284761900198
-7.5123704825741315 -0.004459959087846278
-7.469199865130196 -0.007327946016582222
-7.3810890412577415 -0.02620955124585535
-7.266753931420997 0.009947632607100607
-7.197827745045644 -0.03024927584142026
-7.06983867977236 0.01707067248850255
-6.993732716279036 0.021652288734725744
-6.9077742808921165 -0.01772999231997817
-6.835499162099429 0.025872011798458036
-6.700884847932379 -0.014371175655163321
-6.554882821211087 0.005117304489827173
-6.543659701831542 -0.02530415406969724
-6.439088797869646 0.002309112297351152
-6.312383014065005 0.016758965767733922
-6.245362173192179 -0.03567046423197966
-6.203855098488194 -0.036091685633026824
-6.147508967115311 -0.009956140052669451
-6.029354340113116 -0.0067200416918661654
-5.940366177347101 -0.0055574177081127085
-5.880534159027296 0.011289213332885075
-5.840209417727426 0.016694530552545463
-5.7577281313784665 -0.0007539267526429518
-5.674097265962727 -0.04054909900163303
-5.5412338280023254 -0.029603067031580225
-5.503792246886109 0.00975887783734584
-5.482994993964978 -0.04225374100694868
-5.319703198845656 0.04031563145364553
-5.242618443221344 0.012645074274015256
-5.209285075072953 -0.026805694498998632
-5.100911560140533 0.04005735307041346
-5.075555944707214 -0.039991637029509135
-5.005085459875839 0.03144972404442059
-4.952125584735675 0.0034042618557202134
-4.929938842340593 -0.03563960865666843
-4.883793581633053 -0.021954898109142106
-4.766200267666167 0.032020299149377304
-4.714506650418429 0.04369350128451054
-4.610599275618979 0.007171342366317587
-4.5822320003742165 -0.006816312874477926
-4.4864162283884665 -0.018447698119542992
-4.467066056089129 0.019546979128294294
-4.363726456778854 -0.04759140457938919
-4.296790720909253 0.05430006342538763
-4.271062996621685 0.04994075712736351
-4.1932138954776565 -0.05721629399057049
-4.148115866124045 0.036879167125598834
-4.100636834987395 0.05736697976256434
-4.0836612783521815 -0.027712455509034728
-4.022628837488156 -0.02870828833714597
-3.9343309351164164 0.012119941066362383
-3.8968132776372504 -0.004119667181165723
-3.8593333606481672 -0.015836713288656868
-3.771479992896126 0.006885249842104555
-3.7575471799025455 -0.026852699266475148
-3.695917553791792 -0.05642048042511623
-3.6575942276313342 -0.0019297642273708659
-3.5866419877481905 -0.03692694675878875
-3.560624571164627 -0.06990222616183027
-3.4850214814861986 -0.053218088736273865
-3.4810730623747337 -0.037724209461509034
-3.4226816212078663 0.05159902282189508
-3.354793686857879 -0.05283925072470023
-3.3218362991715753 0.0516977516188695
-3.2910848514002504 -0.008919498717938222
-3.199100870262072 0.07040693529220125
-3.177265588516743 -0.06285417027593698
-3.157660159831258 0.04291366954597308
-3.132886486680486 0.045810246106357345
-3.0512578215793766 0.018130917518517052
-3.0206283386671857 0.037824149403762844
-2.978698629770596 -0.03541479512244063
-2.942825705657636 -0.051913780222297846
-2.8884727136712796 0.004893187735116101
-2.8796707592229125 0.0508750093057567
-2.85214229209369 0.03340560798827573
-2.7886584758616895 -0.008237152912245296
-2.7527746863452807 0.004516139286780484
-2.7331068340359725 0.08488840412025284
-2.659639769934168 0.06819538217637028
-2.6373166555126124 0.09333749880317725
-2.599848741842227 0.037268925338244184
-2.541780361087351 -0.03759179548074261
-2.5064395836701316 0.08680505346242082
-2.4746961784322457 -0.044599604602201505
-2.465886466787732 -0.036720996645653155
-2.4477413336761416 0.001450219207573841
-2.404850419953346 -0.029704382470045882
-2.3734424169707458 0.06608259376080577
-2.33400912351456 0.05682005601036645
-2.304778060698148 0.06486068284392094
-2.2841265895946647 -0.013985757001169804
-2.258809225118241 -0.013283016518620076
-2.200218828885946 -0.002509270349760016
-2.1481498892525033 -0.04094753002766634
-2.131456262247394 -0.05546423864067771
-2.109697544996013 -0.03181925592418225
-2.075001745059435 -0.04728452541321154
-2.025104502403905 -0.07260323019884257
-2.011972706578448 -0.06208835745955004
-1.9824727267731568 -0.025667241583691425
-1.9669885911718967 -0.008053177029341515
-1.927633895820929 -0.10230360658785202
-1.9134294216619308 -0.05974032807161635
-1.8685869258751628 0.1151839339160735
-1.8534315074611105 0.11249971328837434
-1.8325397810152153 0.022607636527331443
-1.8110338716527166 0.03020702979142852
-1.7926727009112167 0.11092055786052064
-1.7647449146425933 -0.02196981609020116
-1.726005164164973 -0.026860981670254358
-1.6973361169533427 -0.014237793956597274
-1.6925500257589643 0.009363869652350733
-1.658528490777967 -0.0406765138580159
-1.6066170855386674 0.04464744780477343
-1.580674190074371 -0.022171542432624786
-1.5530757678842313 -0.00448541597090443
-1.536040606229952 -0.012717399468800033
-1.5321159817978103 0.01448729645102204
-1.5168954371652443 -0.0010080088055622331
-1.4796854763020393 0.04709868099112426
-1.4472322898445762 -0.06034421102601329
-1.4324345990915286 -0.01150954775341165
-1.4214493725494464 -0.09789186940852762
-1.3983719674904278 0.00681305345417619
-1.377938502832987 -0.13890897482227446
-1.3654254783964686 0.08091983437583611
-1.350180109581182 0.15851617036462098
-1.3099448011558281 -0.06708388769236144
-1.2896825051834921 -0.04267846389432084
-1.2771995841335408 0.0149230723518101
-1.261823809795839 -0.010308219530602472
-1.2413140774993439 -0.0029085739851513674
-1.2176368963174338 0.020764731593712164
-1.20285638939959 -0.0941877608750366
-1.17891964580724 0.09187477111184103
-1.1572012563017422 0.1266855701229199
-1.1411260312843432 0.06264218739708761
-1.1344959065471343 -0.07002738304744999
-1.1116122181238695 -0.009376191087165439
-1.1057341925930837 -0.01673407846721166
-1.0770529815245642 0.03416362451273731
-1.0668520434192899 0.026210337792941716
-1.0524886753203329 -0.02273824928499401
-1.0373461890593367 0.07607162648465267
-1.0108838059589207 0.023556002423668298
-1.007295347373439 0.0834178650248647
-0.9815496301077402 -0.1173192486450751
-0.9693074327287374 -0.16489194157626394
-0.9518075522313693 -0.1363894014416486
-0.9419466041021949 -0.13395184093825005
-0.9288565414269868 -0.0897510247776111
-0.9251636366508681 -0.11003643912492585
-0.8901443179798793 0.1532855712975679
-0.8758526768949157 0.1402104990527518
-0.8636952490385572 0.16206753510197092
-0.8493108689426739 0.03316518297884122
-0.8398121652482826 0.17888592214637322
-0.8349213061206234 0.08658504795600326
-0.8174289713605312 0.03685703938902574
-0.8126316332648915 0.007672331994888694
-0.7838078808607718 -0.09079740694265387
-0.76828216676318 -0.03754622388736398
-0.7617041907475728 0.02138546564420616
-0.751785285746641 0.03551732170824312
-0.7423566426329663 0.03340623935288584
-0.7312383416454888 0.12523036275669208
-0.719579082774713 0.10589940975408985
-0.70724295008132 0.014899727908537757
-0.6966095003046079 -0.004825663031243826
-0.6914016074795297 0.11610766925931545
-0.6683612410640293 0.08451532633970377
-0.6569237022831536 0.04210288034651203
-0.6452762054856735 0.0706656687433323
-0.6352886005068228 -0.07217576562407264
-0.6240536498740233 -0.20705836344168219
-0.6169680173953989 -0.050421220823630604
-0.6129301317029845 -0.1736693384522246
-0.5895903673922144 0.11637751798034594
-0.5808564926599686 0.04769123851559328
-0.5733912979597796 0.015098767839262162
-0.5610451136191956 -0.07413605074639859
-0.5573130699435836 0.14505842403479782
-0.5475948238967283 -0.24381894874578963
-0.5353114603944845 -0.12406778230162353
-0.5252750367320859 -0.13046049427747922
-0.5230332991808382 -0.052511528226499474
-0.5020618034402898 -0.05778674215658973
-0.49694092361235387 0.06833871418896591
-0.49265091929563626 -0.15173992511108245
-0.4916783318092061 -0.13133685375139767
-0.4761643576051141 -0.09092341184721214
-0.46665879306927516 0.07107706020918565
-0.4640580502196959 0.08229209904392727
-0.45004012962473333 -0.059197530429585844
-0.4478411755074089 0.033460570716539836
-0.4287394885265978 0.12629963803799754
-0.42317051114396487 -0.12579737460186474
-0.4167078906660633 -0.06034993069091611
-0.4142430106160316 0.18911824833488775
-0.4002118364178876 0.01181880934247792
-0.39522323160987377 0.056556500511131855
-0.3868337527766088 0.0422601831549491
-0.3828532929655088 0.0008459787775511286
-0.36972406758160015 -0.029454463718189272
-0.363206031479031 0.13017259829597846
-0.3598075253248059 0.2327637824264798
-0.35113384929159075 -0.06259655723873381
-0.3486384984638135 -0.026783654112454352
-0.3344981474897095 0.09155920898068379
-0.32941370737435327 0.16393117888866393
-0.3236761573928597 -0.17193522763798277
-0.3180414815215439 0.1981171665191063
-0.31462546051951285 0.07602573194341175
-0.30800754559601595 0.3001210720543355
-0.3042512614806994 0.21082769158782214
-0.2998621434764336 0.14300999451342342
-0.29278208981859694 0.028898873217841153
-0.28959344749759725 0.07313537457298108
-0.2783593760345463 0.026069008831572826
-0.27600441268732273 -0.12238362469939996
-0.2694686053924548 0.04184810821102701
-0.25900775334986004 0.008218641917944887
-0.25283674036016174 -0.0029765514444668913
-0.2510159790982891 -0.03130337163407265
-0.23859237580120957 -0.004894418004272281
-0.2377676044773723 -0.1794832457952263
-0.23454174435576594 -0.06321016054394353
-0.2309269331279607 0.1401949409887917
-0.22844524399895622 0.070355023147358
-0.2234781409132299 -0.13369839850004892
-0.22190853796999443 0.1234235453179824
-0.2132080528027255 -0.13440333923750306
-0.20947612091413678 0.1318098531107883
-0.20433922444078542 -0.006193377575586555
-0.19773092497964723 -0.11318146568951147
-0.1951369320425947 0.24082565548940446
-0.18739840142096476 -0.2408831144970331
-0.17982117603728678 0.38348572870351805
-0.1793785651157508 0.3240290076763053
-0.17612417294126062 0.3399781591111487
-0.17369176177918982 0.38794503039840833
-0.17173615996394834 -0.2894343796514967
-0.16673192117131214 -0.1094862480114544
-0.16045682845904832 0.0725912950899882
-0.15859828526146105 -0.1936009110841349
-0.15656295450803864 -0.22420236571687913
-0.14933271799009337 -0.020985881372105563
-0.14786421872736757 -0.05860309437131106
-0.14497958482345114 0.07867915829483693
-0.14159341647596113 0.10953481177625131
-0.1357960438912633 0.0798403786811127
-0.13445644910502125 -0.01609073082117266
-0.1301006935129804 0.10743561196969467
-0.12835301899377788 0.06372959351055123
-0.12409219704106204 -0.07951864963805055
-0.12276933653439182 0.12116623604817282
-0.11954426899203721 0.027721497622571336
-0.11571003672313522 -0.20393102513131206
-0.11138835299396165 -0.014145269008625441
-0.10950456118010253 0.07239190934746513
-0.10749411900296436 0.19349868115531974
-0.1030649701191914 -0.43413319919932464
-0.10040385237549133 0.03551610559799653
-0.09813431658122 -0.131911887479572
-0.09622556060188182 -0.5424717644975042
-0.09237468832273447 0.06037198122888653
-0.0890281493425461 0.4278875438004675
-0.08637694677434565 -0.5537742031269911
-0.08551113245902572 0.4501967709068919
-0.08403241468389054 0.1436085768971663
-0.08137812073649356 -0.5008486826748423
-0.08019686114557777 -0.17899052217049297
-0.07723061742519045 0.34621126027611254
-0.0747712645237132 0.22628950753541796
-0.07381973854260485 0.07661478347084548
-0.0724031429701594 0.012970286995509063
-0.06918547829528669 -0.10167366335419764
-0.06681220835749242 -0.2413380284852447
-0.06593967316276794 -0.28674952927766933
-0.06175848105212282 -0.24463999105007667
-0.05843869781373054 0.0034731348165252377
-0.057232475075603056 0.2911022301382502
-0.05615245162115038 0.318559655085491
-0.055513179406773215 0.3970496218426316
-0.053324476725867334 0.3745895176082435
-0.051936737205283 -0.17261313607571638
-0.05111476707453596 0.44951292696241063
-0.049126573944531585 0.5293883207569537
-0.04762057843395899 0.5096845720801203
-0.046747214280598436 -0.22896791063943397
-0.04547349065487074 -0.5952630174053596
-0.04280444885691464 0.37258985982029663
-0.04152665616204756 0.4093982306549043
-0.03847492479497538 0.858491025604319
-0.03689578858074287 -0.935257050876236
-0.034501029203918995 0.9458292372099683
-0.033445868470409576 0.6217644266681766
-0.033386251068981194 0.4333108666706378
-0.03284444579001139 -0.007462999152982562
-0.03101142336809854 -0.47167145582165154
-0.02997904460169706 0.289299657524577
-0.02888350848234304 0.08584830291333119
-0.02877183291924299 0.00765248671087343
-0.02791373933549949 0.005564067512183509
-0.02712518426322626 0.0043297806546461395
-0.02607247153187628 0.08995237633773691
-0.025231664779815918 0.13274815714292673
-0.024901750279976896 0.18408315865128905
-0.022566344558841277 -0.10139044308695946
-0.020790320309867046 -0.8227458105029881
-0.019687346638821077 0.5704634944308674
-0.01739419514233898 -0.3231184309717845
-0.016882665373165167 1.25956343152197
-0.01582550301182937 1.2736865722539883
-0.014520309639371443 -1.2771745174010944
-0.014242993405989775 -0.06503359884247363
-0.013711242888961028 -0.18694119541345397
-0.012727196800659108 0.1370952839047957
-0.01261531768745339 0.5024211347842628
-0.012312403331686117 -0.003001732017962823
-0.012019808863799244 -0.30696062166426297
-0.009990963452919508 0.7258687173204486
-0.008746213177888413 0.8771712270055414
-0.007836157690474006 -0.8607232856963535
-0.006697710615807332 -0.2989362150899738
-0.005487049557995234 0.4519807725727978
-0.004707996541062454 0.8538892930482594
-0.004076363499035083 0.4768677974034015
-0.003941927696158036 1.3274482639376843
-0.00342245997583314 -0.7664994244205098
-0.0031293610814830384 -1.0338987864659266
-0.002833620826264639 -1.8075454186465985
