198
-3.161071441244327
-76.90147457203551 -0.00011587935793666603
-61.19617088945686 0.00011627939589135582
-53.44046774044292 -0.000027032653508969648
-48.02839385634995 -0.00014903667101702397
-43.03111634571968 4.828980154128296e-6
-39.67499295918098 0.00011260254473778518
-36.80627888461298 -0.00011722985829106041
-33.69551543953509 -0.00007237490797062556
-31.595195896125283 0.000011088673947544532
-30.67699760971612 0.00027094134490320676
-27.955902115847106 0.0001491868491398697
-26.546676468026636 0.00017689130757737607
-24.936121423776328 -0.00023292474682671508
-24.18542565939483 0.00007287378726317633
-23.303296385448096 0.0004309589199739387
-21.710210615376344 0.0001626588060635989
-20.83604436987292 0.001080348161747275
-19.77839966551991 -0.001200168530451087
-19.393285359364647 -0.0018688649681735507
-18.622636888660917 0.0006965289723145888
-17.81854230353146 -0.0023580375943143047
-16.95299149271431 -0.0020077592552882476
-16.493294109132243 0.002070459537389115
-15.657741052763445 0.0038666687340985677
-15.507636983740824 0.0003678809072637574
-14.87115479536608 0.004962356292377118
-14.405761750763734 -0.004389582806859506
-13.900269132182062 -0.005101188802932497
-12.953562769549338 0.001271944371336438
-12.909239517607618 0.007018892824075695
-12.641946434550475 -0.007055722614093853
-12.097480990599527 0.009284879385798524
-12.00513078176065 -0.0030685408945655113
-11.170987612857296 -0.013017258028259586
-10.95692618356713 -0.006980111638787496
-10.738770695045824 -0.011606814401015464
-10.283481130103535 -0.011398499934100687
-9.856125936922245 0.010602925604334708
-9.774420057675659 0.01388879494122029
-9.578141786413344 -0.010014724701436455
-9.088562451439568 -0.01835990588100332
-9.040817490397272 -0.009340569678504405
-8.479151108406882 0.00041920580784644536
-8.290260276643991 -0.024399159982041275
-7.996059421917579 -0.01080107438715123
-7.8655921409527245 0.016971389959736356
-7.713879727555916 -0.008733314164720321
-7.369543096285837 0.021533000544093957
-7.303525085905158 0.02443279845800124
-7.036584064421589 -0.029224672635369875
-6.816876696024704 0.006522459362921148
-6.488579820797563 0.010097609973484923
-6.434742551285172 -0.013336193338036092
-6.237542818159424 0.02793431726483737
-5.982723639205074 0.038841785220314035
-5.74606112653985 0.0374564564487526
-5.703408048692718 -0.038539488259835886
-5.5333496851350485 0.019729858040252585
-5.428997003560944 -0.020704185826424273
-5.198385189535406 -0.003175858269298671
-5.0974188236084865 0.02317520408175609
-4.973980854135913 -0.044064185116805446
-4.779299701416795 0.040356834523070415
-4.578465636875699 -0.052744990970283026
-4.4690492889727595 0.01787954475762523
-4.366152562595867 0.04919564939549083
-4.258382711589184 -0.007825685830914178
-4.142275256719305 0.04406719426712715
-4.072876265965024 0.046498216084403424
-3.9707266080036687 -0.0005163672748095723
-3.7888204609864746 -0.05179104107327252
-3.6555897312262227 0.06137195184921897
-3.532007686033908 -0.05485494054515739
-3.480265206676309 -0.0198012314960376
-3.3163415252183834 0.07409273801889384
-3.2741867896616155 0.025516249240915268
-3.184457019772247 -0.07841493946310663
-3.1534916817470897 -0.015613782571714018
-2.961038226738435 -0.054674371174606495
-2.9403171965990125 0.0036725743675311696
-2.8304245842154527 0.043854041510097606
-2.701350128375757 -0.019828836389995583
-2.634583635506795 0.054513785684097545
-2.557210378202168 -0.057088826622527726
-2.467769264768163 0.004030689154842567
-2.3755035676919616 0.060122898188303506
-2.3254209840797504 0.07582276818979004
-2.282218157123104 -0.11075990061266404
-2.235136858899008 0.10236735768538979
-2.140827711376438 -0.05799392685071994
-2.0776488356187435 -0.003820938167729816
-2.0266672350261525 0.058349585458443036
-1.8954151576475666 0.024972386169933154
-1.8264363862238977 0.004968759080360452
-1.799737884404759 -0.0030007508278732664
-1.775790775671104 -0.011985483689493245
-1.7129757640712957 -0.04026559151960458
-1.622359392895653 0.10932136373858803
-1.5992261627451034 -0.12738032771939972
-1.5670672607235083 0.12196112000046332
-1.5477192013672287 0.013382140204141926
-1.4180414849722376 0.10672574268116711
-1.3949870146860859 0.110712825309152
-1.364955217276169 -0.12492150133984924
-1.3458990533536566 -0.12702938023856944
-1.3023402894211915 -0.06693608749130354
-1.241395981492874 -0.018279188255002625
-1.1836224038506005 0.016879723813817343
-1.1716054557389168 0.03229440171499286
-1.1189353242883782 -0.035029623027699845
-1.0889959416350954 -0.09393503496271535
-1.0751350516854448 -0.13291686673424108
-1.0333379464609787 0.13327589350409239
-0.982209947105106 -0.06857926668885166
-0.9514037031363338 0.010210648835480231
-0.9039159674967144 -0.06922867134315211
-0.8859163739182776 -0.18097699672853013
-0.8659954485476451 0.1647393143158204
-0.8352237588205705 0.005265691642188067
-0.7922697866331461 0.05723522196177133
-0.777446574670124 0.09944919124144617
-0.7541760499892316 -0.13542893241582585
-0.7230092234712256 -0.012646237934716309
-0.706932780900934 0.07444075499309283
-0.6861692262992997 -0.04065646190670907
-0.6474079014766243 0.06855144933735537
-0.6208237976307285 -0.07051815396258289
-0.602505614146265 -0.17858062271124625
-0.5783615394676488 0.002027552526041042
-0.5702828387457213 0.11617865662578353
-0.5300841658815308 0.10567329175416629
-0.5145562081557203 -0.007755543105787763
-0.49734636574422103 0.21210474250432723
-0.4801178461539593 0.03503839235392971
-0.4625366507266964 0.1159627345175072
-0.43897794936946916 0.09998691414682005
-0.4243286970264936 0.2634073385182376
-0.421281525246054 0.03287502460107675
-0.4014968120941881 -0.052179705320402295
-0.38079124920219687 0.04479677371494235
-0.3540574007822 -0.06716007076844836
-0.34328173213726626 0.07414590674624531
-0.3367484078888739 0.17465861228581905
-0.3229987892490243 -0.10424119953459081
-0.3109400694767709 0.04682177918645951
-0.299318625131334 0.11942855528212583
-0.2798873043892766 -0.12609458031634932
-0.2748950408685535 0.06846376677088116
-0.2578719853995768 0.18107180469615738
-0.23903178315182794 -0.03949667474829567
-0.231048690510017 0.23453467417956664
-0.21968003452240828 -0.3911559871641991
-0.21257669633379392 -0.1065625105596494
-0.20282306863888294 0.01849961997467394
-0.19661874510144428 -0.2404250248732513
-0.1881934704150241 0.17489134868669992
-0.17949672438018568 -0.13751863466422498
-0.16858730462856306 0.07194891851531375
-0.16659042211825337 -0.08508163263777123
-0.15588471917322458 0.08576045125785559
-0.143759558960761 -0.03602006961433574
-0.1390300004540581 -0.0897826521248731
-0.12641645322419526 -0.018693763035319232
-0.1229886164290177 0.042306107143705494
-0.11588240517499356 -0.41986906831549936
-0.10895420130039557 -0.4361105714966879
-0.10501821189581648 -0.37321580254641673
-0.09801582773291405 0.45801891418679513
-0.09474443004497347 -0.1039827023968917
-0.09040819879675106 -0.5127411745401376
-0.08312628222408555 0.2755498942159955
-0.07584616374430028 0.4773691796001526
-0.07260999037097456 0.1949813595545848
-0.06980633039629731 -0.1846907291212859
-0.062038760226172746 -0.3591283859099026
-0.06038866592078819 0.0623357980110301
-0.056877307510796074 -0.08377616036914896
-0.05363356297647368 -0.10120689573898796
-0.05200611048092473 -0.2626874692886439
-0.0492106729578119 -0.3428420770669377
-0.04464431638870648 -0.33398531959447036
-0.03762079167344267 -0.43917887845321635
-0.03500665929649784 -0.43287547579375973
-0.031320813457850254 -1.018441609580253
-0.029166080837651008 -1.0795549320586546
-0.026473376880395177 -0.15494268903942057
-0.025350695937242623 -0.4577006053119168
-0.02469357940161351 -0.39943058450748864
-0.02403729194711447 0.04570342550624994
-0.021504689586671864 -0.25534585063576487
-0.01824358140854931 0.6340253987674249
-0.015318963719871504 -0.3912105968611208
-0.012455380593241111 -0.6579418200980652
-0.009059585404248253 -0.09142130250983069
-0.0077689691644105725 1.2868449442900924
-0.006706289371033645 -1.1984134875453571
-0.005924279177997136 -0.8406807784972071
-0.0057350763892027095 -0.872001759707536
