48
2.309454040164161
-30.636269375719603 0.0008681636361711196
-21.13128472212754 0.0005730234960415502
-18.26918886055369 0.0015916911630516216
-14.160963277332186 0.0016520865777775841
-13.369826934433009 0.009434348306359164
-11.243123095526482 -0.013051024254973627
-9.624878279875212 0.01220784675574275
-8.62142781223786 0.00037761281911227577
-8.075728087309695 -0.027322801675434653
-6.475639623525028 -0.015575515532326497
-6.317211937215521 -0.03623932557301858
-5.620423869129757 -0.017275634945645147
-4.749989954481883 -0.04511312516211295
-4.28785944965079 0.046063022528553765
-3.9626214940750613 0.0699497437068661
-3.486031643693317 -0.05769265819165464
-2.927957911451817 0.013256783573332582
-2.7696402461801886 0.007834966293387672
-2.3439167689602876 -0.10781318527219962
-2.248487532286778 -0.015562592081721408
-1.8030986943308447 -0.09289321566286493
-1.7702843339604837 0.08073938491502383
-1.6764333245315457 -0.0654221336553061
-1.347557014152367 0.0007013276165207221
-1.2166018308683488 0.15356309693208256
-1.0848802045388513 -0.016681953132093575
-0.9366668832293218 0.15218210350320488
-0.8735346903561486 0.08068370087096248
-0.7383714462517489 -0.1034379119033515
-0.6619924821999006 -0.14088223082281623
-0.6066543730235356 0.11565363278697036
-0.4713487171250126 -0.1770953282748975
-0.3903166031784771 0.24337035244083755
-0.3629086970308222 0.007052969541202584
-0.3468927042304547 -0.2876761530742012
-0.29335280937373287 0.13577113851538775
-0.22788161284757552 0.10587367861597516
-0.17925345221257785 -0.06293767770420765
-0.15839797216185614 0.36028544120778844
-0.14716803607892 0.4421872500229829
-0.09412685178369819 0.06176912566776087
-0.08797936012584812 0.49313370399235723
-0.07480832797584315 -0.2740543569913293
-0.056583465227307526 0.03249279315725311
-0.04523592818481314 0.473835190580024
-0.02684603214651508 0.13308180946808013
-0.02047513315966905 1.4621753990000939
-0.016252832428901517 0.36518661772052896
