798
-0.0009879094670932332
-178.57734807603822 8.042267669872985e-8
-155.90631401247418 9.084824420028002e-8
-139.82823577477754 5.497710534814899e-8
-133.34084812913954 -8.913986438872309e-8
-123.29735654007686 1.1235180368960273e-7
-117.62991260739174 -5.927331774454139e-8
-109.8422155192934 -1.465390142372711e-7
-106.5238807551026 2.1032862895206324e-8
-101.5104131881796 -4.204276795955247e-9
-96.84398613877748 1.8186061463405537e-7
-93.68256926712435 -1.0999105020222609e-8
-90.42458446482665 3.423776195856916e-8
-87.15064419502805 1.9636287378282355e-7
-82.73229719436341 1.8369209436758875e-8
-82.27803756302487 3.1530886941533227e-8
-79.17945752463365 1.6947138404340958e-7
-75.6262713044699 1.4462548681960263e-7
-73.51050567221428 -6.231837340744558e-10
-73.1558748138374 -4.00139153807637e-8
-69.90898551592635 1.5610426847642099e-7
-69.06772391512747 1.8494803502860946e-7
-65.68707980884639 -6.10072182815068e-8
-64.56040687208558 -8.590765313780566e-8
-63.61777203747109 3.092071889058548e-9
-61.80262044339442 2.580416096893903e-7
-59.42515825805753 -9.314761006029176e-8
-58.920865749469016 -4.205262452677997e-8
-57.83494880949318 -8.633785800132714e-8
-56.44212232679808 1.2103612925464562e-7
-54.822006703284416 -1.4611642362131482e-7
-54.06094601766106 -1.779865772031546e-7
-52.180899996124715 -7.981140094770616e-8
-51.52523488647956 1.0558257337239326e-7
-50.366503653293286 -1.9223197703633207e-7
-49.65389125923169 8.790638544737743e-8
-49.15314380899857 3.03920473059641e-7
-47.09188490949715 -1.9082878637535136e-7
-46.85417752106754 2.024250844544527e-7
-45.58753161788666 2.257632959238937e-8
-45.22560008708552 6.586890988546846e-8
-43.94244950617293 5.824872522089624e-8
-43.7367279626225 2.108111787418156e-8
-42.43220833366999 1.1140710844849947e-7
-42.25144634049235 -1.0371883619588862e-7
-40.93967990054116 3.141421885752411e-7
-40.406348638722974 -2.517136094050765e-7
-39.663039032932815 7.460593619084209e-8
-39.45453599999457 -1.256375849525731e-6
-38.594746511729966 -1.2727072433260755e-6
-37.77533323545831 2.257420985327492e-7
-37.32134657417036 -1.4996295574197599e-6
-36.622229368638386 -1.0505305575613833e-6
-35.91646130808563 1.852280446928171e-6
-35.48102420897153 -1.1511970555354556e-6
-35.46222323489711 -1.753045903354084e-7
-34.69792256617378 1.1452075874897424e-7
-33.88791031735682 -2.23436829324093e-6
-33.85889833434648 4.5509408240366e-6
-32.80214901457914 1.2709498012935788e-6
-32.578311056486854 -3.7197723584954057e-6
-32.002404410930204 1.3960362187724597e-6
-31.42868927163383 3.771995079170519e-6
-31.354333595070994 1.4917071266500947e-6
-30.892753032556488 -5.248054838935003e-6
-30.625065805142498 -5.0390641867058834e-6
-30.029003401029733 -4.8564875611673255e-6
-29.617973185712476 8.625252307058384e-6
-29.31976029266935 -5.267554149804967e-6
-28.66364584004824 3.852096103833832e-6
-28.526017793738653 -0.000018652009640681378
-27.749145826212597 4.551430895008831e-6
-27.64752502763585 3.230409828217628e-7
-27.473143127726246 -8.601289844828642e-6
-27.241979053020895 -0.000011062724525801933
-26.997666217359544 4.445134110572394e-6
-26.462737650660234 0.00001149001031172517
-25.922467986772805 0.00001870972460122157
-25.859653501625846 0.00003372153457071516
-25.64743550123601 7.261606502090094e-7
-25.064203762839224 8.440765884009262e-6
-24.749923001362177 0.00003485646060764302
-24.398391522247124 0.000013666012301923887
-24.33124258797446 5.115151383814165e-6
-24.026371704047232 -0.000045856198085040594
-23.84921661924101 -2.8852235900031503e-6
-23.756446629033313 -1.627409385136764e-6
-23.45321664392197 0.00003302967419996044
-22.948944868179247 -0.000011451101358199131
-22.842551239098814 -5.1944182332430715e-6
-22.520536871556654 -0.000051906090542951264
-22.309966119691804 -0.00005591235045981255
-21.8597200335648 0.0000608587973609913
-21.73297505167173 -0.00002657238036771642
-21.509197749093723 0.000057670745235182363
-21.42487921200457 -9.192715689481677e-6
-21.13035925084265 8.948218926379022e-6
-20.91610739026519 -6.2345780650746235e-6
-20.77154548971901 -0.0000832012505432427
-20.68720903836286 0.00004953094382457415
-20.35133100090401 -0.00003892732368073004
-20.213154319794747 0.00006651037717071973
-19.908631477156185 -0.000038516266507667485
-19.73426302135463 -0.0000964039797789042
-19.49331616798673 -0.000021392043023496408
-19.30264650609533 -0.000011373748362426085
-18.994082787208207 -0.000020912507476666787
-18.883169356763332 -0.00029938565589280155
-18.815376552446235 0.000022593756998562635
-18.617805042607873 0.000025670058683065013
-18.448388127201316 -0.00006236761994646193
-18.31429214234832 -0.00003593029450545386
-18.171439275744152 0.000030361217623113252
-17.919942118683004 -0.00020405129238910125
-17.84716684390416 0.000039323748917417715
-17.704227212728995 0.00010026014658638752
-17.388102874145048 -4.491788129465253e-6
-17.214933697797854 -0.00017603878598297412
-17.019696183398842 0.00018206880246524849
-16.96111096066419 0.00001661363378883546
-16.780826201757765 -0.00008866526044876919
-16.6792524060711 0.00008564064462165365
-16.441248243243937 0.000012091242773161115
-16.373205581304642 0.00017537458605727362
-16.26462626153214 0.00017808268118789643
-16.02420987551327 0.00007294928596622685
-15.99268501994866 0.00016185327840941856
-15.815895601881422 -0.00024262961478134718
-15.62771440732006 -0.0001669088408075923
-15.546549259133544 3.529155189049149e-6
-15.475147272880418 -0.0004895758140794153
-15.217655520507204 0.000012062119769087403
-15.027905204938369 0.000010038835568002397
-14.916798602228758 -0.00008774206744095862
-14.790289001832004 -0.00023701302509642087
-14.742488136451612 0.000021722052460397042
-14.677698765632954 -4.004718897988892e-6
-14.550442762744005 0.0005773668366385692
-14.3723544910878 1.621595142784997e-6
-14.19926041732725 0.00011369874534106477
-14.142869343371567 0.00029448227121948995
-13.990767194076316 -0.0002535190586168463
-13.829533424632293 0.00008015894538515159
-13.644152958728704 -0.00043484968275056177
-13.625347328731673 -0.0001627431308583088
-13.594723929710192 0.000024966050473001525
-13.461421559892182 0.0003738066110677285
-13.26342730046074 0.00028411077173754026
-13.211894578660868 -0.0005937540936383072
-13.043445486918538 0.0004417216184257026
-12.944504758739265 0.00009269263268331446
-12.887936616298827 -0.000014239895062783548
-12.77708028737982 -0.00015778824763945225
-12.758538506100788 -0.00008964703890703743
-12.56334340127134 -0.0006601499570299199
-12.513264122152746 -0.00016676172702010967
-12.308457336683704 -0.000012507661341857553
-12.247559159579406 -0.00011425659461822625
-12.139385511521958 0.0010976835557336008
-11.999737567406811 -0.00014838227512659072
-11.885529756123342 -0.0003090752141186989
-11.834600437623093 0.00020387295704385656
-11.745918861838545 0.00015747971951121518
-11.682590492563476 -3.133702357884245e-6
-11.600934337827397 -0.00033019410846759744
-11.529176992313245 -0.00021162713571065705
-11.406511651721523 -0.00039438873826216046
-11.307643831146272 -0.0009588787438426667
-11.169752165077767 -0.0008996746054671659
-11.135363980715875 -0.00042442866801093397
-10.989661944915222 -0.00026752321194220796
-10.952202335790107 -0.00010453157501336245
-10.909035978806047 -0.00045348841394270736
-10.824388966839837 0.0004714039640416391
-10.703289083522517 0.000593377466590722
-10.537875953582613 -0.00003486456363191094
-10.479767162145905 -0.00004547691241900823
-10.422424411624268 0.0009054924407221489
-10.342477571994698 -0.0005000790656591814
-10.236836956982092 0.00023519109964002582
-10.197357695441898 -0.0014053283161513425
-10.172853153199656 0.0002483547546306367
-10.012937304246329 0.00012330424134176076
-9.936584505974315 -0.00005630270189158266
-9.868629431753885 -0.00010119366808562528
-9.848342112503264 0.00002019162464664023
-9.73744815132181 -0.0008848269398867842
-9.64455042414397 -0.0009754265126491094
-9.56985481536523 -0.0009834929312460537
-9.486859605506835 -0.000125032570089829
-9.415973455600632 0.00044863981713965734
-9.34597599869293 -0.0007154104191431261
-9.243299821992231 0.0016252625593797178
-9.215512906000763 0.0006164855154433539
-9.12854600364354 -0.00004440471296776648
-9.040085049992035 0.0012636294022025773
-9.029368566102123 -0.00003649322973078851
-8.906287122245148 0.00005432790340089102
-8.869885318964174 -0.00006810920627560373
-8.827012203421713 -0.0001394533188491266
-8.721548492344576 0.0012869348806713373
-8.65629901850559 0.0006092312702933668
-8.624821457685039 0.0022149939674323874
-8.532726501362932 -0.0003862367850705056
-8.473696796603459 0.00014828231877427124
-8.373801595446032 0.00038437113031482734
-8.291668375139503 -0.0011669584937075525
-8.246533788073268 -0.0007652468410093477
-8.153314870888728 0.00041385127051746484
-8.131740566005863 0.00014756315304606039
-8.066991372927152 9.34081932473879e-6
-8.026647223381708 -0.0014405694051604094
-7.950443783602498 -0.0002071414983627585
-7.9311274101650495 -6.868866969254968e-6
-7.850732193312755 0.002072472438119614
-7.822992659810631 0.00016204791555089493
-7.71079791412361 0.000053531895425448625
-7.663918079717107 -0.000412916908651
-7.599154647238034 -0.000394514215323529
-7.538910818441692 -0.0032898056099140804
-7.496325997072613 0.00016124822349213822
-7.404557796851586 -0.001342313793450581
-7.36674316126076 -0.0007030152834492549
-7.2871464276266895 -0.0011719387490006907
-7.246854154619194 0.0005381903711057208
-7.196025734824154 -0.0001669346980148187
-7.177406510181821 0.0010204875053060277
-7.095341660466154 -0.0002366563092726729
-7.039280467539786 0.00023715862442824518
-6.99877484065714 0.0006876919981307849
-6.9499786820112375 0.0013046038023059314
-6.883319341987115 -0.00019524429403530293
-6.826015139544817 0.0013334936655672017
-6.7798722030556196 0.002006447876962006
-6.733684883747476 0.001343189465285213
-6.680951632399689 0.0012116059782074555
-6.630829530733661 0.00015971627565025733
-6.617767042962316 0.0027002771788847773
-6.56480578467955 -0.000716743798048712
-6.484056809744252 0.00014804861621426133
-6.412220229040022 0.0005768503599190325
-6.355181480690799 0.00031390451953797313
-6.329135009034555 -5.7663207198722775e-6
-6.304774039869091 -0.00025356442857906537
-6.235969449390258 -0.0008422840360894723
-6.197908032476781 -0.00035382293936012094
-6.1260611883765845 -0.00089335242416249
-6.097632304174088 0.0003498307208650077
-6.064523056247467 0.004042874957603903
-6.004932675941943 0.0015130136079714968
-5.968971266586398 -0.00028823755139774555
-5.9382769813157505 -0.000035419758361135026
-5.895028174627047 0.0009335433228213638
-5.8705797158480175 -0.00298960329542139
-5.785801754205573 -0.0017318056243184198
-5.733721633162646 -0.0017126363508788104
-5.70899353097577 -0.0005708406957378456
-5.650056024270182 -0.0009507328544790999
-5.622262968502093 0.00006632252341078797
-5.557077240889434 0.0008584635457095582
-5.501544517235367 0.0017861757964655184
-5.468925352403581 -0.0015735351976403531
-5.44379277554394 0.000029056266458734876
-5.417315128318262 0.00024836890922004594
-5.370742645855637 0.0005057869203727625
-5.333695923453865 -0.0006760409512135911
-5.286098249392815 0.00021893805317559084
-5.263806656054023 0.0007011650713130892
-5.234980244956635 0.0012306779915106866
-5.179140066772033 0.0027634684890776
-5.122333279741711 -0.0005526816296179016
-5.092804358752201 -0.0019959250566584847
-5.047283248984627 0.003024335440432349
-5.033931671434131 0.002239279455165959
-4.990523946563662 0.000039868217207104596
-4.944740688977494 0.0029570302991950227
-4.918227627945228 0.0003114554397735227
-4.846334408396546 -0.0007506148654039286
-4.816396284858377 -0.0004844046940148979
-4.8004612791574015 0.0003303752715202607
-4.742868684958019 0.0008174840398599059
-4.727662922592476 -0.0006518227966899974
-4.670509685653519 -0.0002478856877533599
-4.649929047300738 0.00003198472088952227
-4.627572701281762 0.0006072765701194308
-4.585865313885019 0.00045572949914296376
-4.561026090657502 -0.004927925378035625
-4.53817045099386 0.000492584046462122
-4.50355644370317 0.0005906067513171502
-4.44707782067139 -0.005309446301142101
-4.423944693872219 0.0001363943619816543
-4.401883065930044 -0.0005080276627378736
-4.329636681330011 0.0011714574743753388
-4.316248394589083 -0.0007933849737347756
-4.282490237712731 0.0008629119406313195
-4.242601816872031 -0.0024670556894719874
-4.222007295327353 -0.0004640068621113466
-4.206050376862744 -0.004445828066336424
-4.1413422683978665 -0.00009502198152031142
-4.096991011659834 0.0034433660844257474
-4.084787271556456 0.001414982207556532
-4.076198658698334 0.0005739471355645151
-4.038548667768618 -0.0008299374787560417
-3.975778303106584 -0.0006111588301946117
-3.9666895715603094 7.503754105746969e-6
-3.953355757032386 0.0011401464488939089
-3.9103422894354614 0.00024781363284541024
-3.8906499599534743 0.0007390811286853846
-3.872389750440061 0.0011845766897848338
-3.817884701831454 -0.001067196526185051
-3.778496855967461 0.001977150616619119
-3.7557127433493354 -0.0006120073313533445
-3.7346249801723 0.0004520331665133037
-3.7198393423277043 -0.00027867294598444485
-3.671822735634026 0.0008322384989582967
-3.651399405908791 -0.0001082465585605653
-3.619211882597779 -0.002445709294640808
-3.598250049741907 0.003739812914347008
-3.582450701806078 0.005251745292286106
-3.5509802991324553 0.0016142059542852292
-3.5039004377459153 -0.002521154870963012
-3.472911154302835 -0.0014113253106168672
-3.4626816821872546 0.004336836878129305
-3.4475058450817118 0.00030138050972207257
-3.368327496223584 0.0016526780141031456
-3.361872343563141 0.0032076588254793892
-3.3584566132915716 0.00009840866056504306
-3.3010459132554266 0.0001132757260265716
-3.2920061395373508 -0.0002274772955104151
-3.273902644720709 0.00002837833576711259
-3.2524698631350453 0.000015906129544720217
-3.225601450865194 -0.00012288290135974747
-3.2185112209858646 -0.0008104182325553846
-3.210012739905736 0.00004532576648948914
-3.16214511386139 -0.0007798201445536594
-3.150301342205183 -0.000323233497146477
-3.0987387538424382 -0.0016304858419752767
-3.0791778667893137 0.0008212730482435745
-3.0501377754809247 0.00024766675312584187
-3.0400406467539947 0.002728638780910084
-3.00656365657227 0.001619598419865849
-2.988534292868085 0.010967294220277719
-2.9606124025571017 0.00019170670561849631
-2.9324038672310686 0.0017945400595085548
-2.9077243360278726 -0.00013076895290560123
-2.897628164334031 0.001511334342768338
-2.8782480261923244 -0.000852861008425585
-2.8613724402458183 -0.0003566800483602115
-2.827389240763518 0.0007733454212720766
-2.8021817718915663 -0.0002548865108538465
-2.7870351160972286 0.0013831348029930384
-2.767215426862207 -0.0024324545268610553
-2.739418348659657 0.0017955555592915596
-2.7291322613639566 -0.002673843296841523
-2.713200527313473 0.005714213773999808
-2.6942244991519795 -0.002653283057688104
-2.6692147902740238 -0.0003861906734279573
-2.6369514126544886 -0.00046870733342267696
-2.6211649181573073 0.0017051941427015758
-2.5798260652663534 -0.00028305360258416785
-2.5756860132598374 0.00010063399925614077
-2.5521564895921727 -0.000629794277359079
-2.545944302129114 -0.0026118303187903738
-2.512141537157485 0.0012102100089114907
-2.5021831562750623 0.0008362370070377833
-2.490806937391203 0.0012233552171056308
-2.4519139970488966 0.0005736789611811461
-2.431586031363843 -0.001119091636293667
-2.425188679385274 0.0004951742897732353
-2.402753657501201 -0.008703641206620196
-2.383012331905401 -0.000791147043713466
-2.37086861029526 0.004375671693113985
-2.3610554699674773 0.00011212848267123575
-2.3226094103993336 0.0011814873788257184
-2.30440997722247 -0.0006664367334514739
-2.290147297563026 -0.004598475331141573
-2.270492995186995 0.0009110556244524495
-2.2503692289924033 -0.0013042023415731135
-2.243038751971862 0.001010051849006138
-2.2126739171326992 -0.012583299584431294
-2.2025029292603526 -0.0002078573246532681
-2.1938593330688323 -0.0001174791453415304
-2.1806369907205516 0.0008350099060782287
-2.1314307790968603 -0.0004548828227347054
-2.1250985744672435 -0.0002191565374118884
-2.105271523275114 -0.0010745129650546325
-2.094643307384761 -0.0027423001175146413
-2.08321105196255 -0.00001398142376095237
-2.062793716669897 -0.0018945880110062257
-2.046412678713918 0.0003812201778596256
-2.0373968318587194 0.001226325390494986
-2.016490117731892 0.001306477315963042
-1.9953127410218858 0.001354046899316404
-1.9810472670737715 0.001908017525566754
-1.9728547563648127 0.0025082721247331615
-1.9642826817785162 -0.00020014600656128592
-1.9485218346357225 -0.0008214402478371943
-1.9293264061340387 0.003042250902131507
-1.893683925722623 -0.0029643278520672524
-1.8752018911424002 -0.002231084875880899
-1.8612501914527648 0.00034976233557266833
-1.8502282044004739 0.0008512896093668404
-1.8416372257771345 0.0029090642884070225
-1.820456278104434 -0.000022434150435306856
-1.810577624881386 -0.0024083268329876703
-1.7840673863828715 0.0038780134508458134
-1.7705700509189517 -0.019533967565437755
-1.7519402223814602 0.0015676254100002933
-1.7495502735099664 -0.002258858209936289
-1.7438142739308515 -0.00042667346205189536
-1.7354767686535217 -0.00036982145579165366
-1.711697659448408 -0.001896285215393438
-1.7044871329266726 0.00270315000291842
-1.6865311052840553 -0.0015806891489375913
-1.6770255066402342 0.0008333296781295939
-1.6439690453707625 0.0002172012707746508
-1.6324176712560818 0.0007879864424925021
-1.6256974149101153 -0.00554957426656864
-1.6190618423366308 -0.001079011618360774
-1.604543685530629 0.00047003668130342455
-1.5986648081811583 0.0003910262071266154
-1.5786342795861865 0.0011518162047552212
-1.5545596697280624 -0.0017491522550470461
-1.5438009538145896 -0.0016785759418768947
-1.5319882393497373 -0.0004208922739444232
-1.521418185480819 -0.001049168695746835
-1.5054044605289756 0.0002514479376769357
-1.4894243205531763 -0.0016283239796927506
-1.4808337901146593 0.0012552421919130538
-1.4576255170982853 -0.0005036875925761434
-1.444883699489587 -0.0016283969122866256
-1.43997166623637 -0.0028542976369012245
-1.4088069101675833 -0.0006161906909946244
-1.4056460445216872 0.0000307197192145358
-1.4008724052818229 -0.001278124920908235
-1.3923478976025436 -0.0006549522792534305
-1.3797791826978927 -0.0014139748614763017
-1.3766416350145734 -0.00036173183493177396
-1.3695269421742142 0.01697815078323111
-1.3402186192542411 0.00023448442018513647
-1.3278599723388758 -0.00288419589330428
-1.325765340909211 -0.007912560318222451
-1.312956596814189 0.0052985515677543395
-1.3025303015581715 0.0027049920294553017
-1.2919234246284554 -0.01015098421960916
-1.2880479246188465 0.0029106790036010598
-1.2782118361192463 -0.0035754286014288202
-1.2642791230175203 -0.00030254229033395457
-1.2442386250530526 -0.0004878723251362508
-1.227603726778731 0.0008346033078259137
-1.2233234152082266 -0.0020197509739431443
-1.2105023482206485 -0.00042674852707077495
-1.2037867604727173 -0.0013706521900052635
-1.1924566712033702 -0.00034259397563543245
-1.177909023700258 -0.0013717664568550121
-1.1701186906474905 -0.0010899811826626568
-1.157738379116044 0.002530065201056319
-1.1439151218538113 -0.002069628878161332
-1.1292461471867148 -0.00026049812606015446
-1.1249707722516018 0.0013217744437653569
-1.113080954260389 -0.0007161277972515255
-1.0985834806342276 0.0003150321397618996
-1.0920123503090526 -0.0004984545906630277
-1.0820556282579765 -0.0005058607884510063
-1.070860167995259 0.00030031383781998
-1.0683736320671033 -0.00022416198869629745
-1.056266699354424 0.0005476352961325786
-1.0555169623131446 -0.0002871200916854165
-1.0377090500183794 0.00028116379579423603
-1.0290525098586303 0.0017558498596570665
-1.0228023004928681 -0.008428162555262297
-1.0143739107864975 0.006764669346566613
-1.0101083864288098 -0.013450887125026649
-0.9998536873987116 0.000681987990419048
-0.9894696515215483 0.00004525919122200966
-0.979742006292816 0.0008152517831748662
-0.9727429979953155 0.0006431958706317934
-0.9669713171360416 -0.0006642879037448342
-0.9487764665479228 -0.0047392248672160535
-0.9446440885556588 0.0002607960372042487
-0.9299206934964301 0.0028473911645780672
-0.9246277589904617 -0.0066125278877687795
-0.9145842638611751 0.008119593316269142
-0.9110074271728403 -0.002363297194750787
-0.8984046307248379 -0.007445557331383955
-0.8946793249682551 -0.0006511697664580744
-0.8898864473890853 0.0006822798214164128
-0.8800374037569552 0.0006403466034433664
-0.868077137847599 0.00015165064431790323
-0.8617216678974027 0.003295444222695432
-0.8492698101843749 0.00022413257332799802
-0.8387683407090927 0.00019357055078152806
-0.8321259867108516 0.0007376840980403652
-0.8255084315020784 0.0004144701645291179
-0.8166772394690288 -0.0005194420512858847
-0.8096563137336505 -0.0004933650212666042
-0.80842760231614 -0.006226513509510021
-0.8009306696803159 0.006295684032496118
-0.7986467462316386 -0.006888818983074297
-0.7866953656964889 0.0035368450019916758
-0.7799802696007453 0.0020713784603801997
-0.777448478154486 0.0018485685000470982
-0.7655419632529474 -0.00039043493942910915
-0.7583405244273975 -0.001517039981973127
-0.7513560820878857 -0.0009683045292372648
-0.7443693031796229 0.0002845143905540007
-0.7315782719226407 -0.00024883880955579076
-0.7301148528528765 -0.0030318276010403798
-0.7208743157951851 -0.000875040097265468
-0.7169634438799205 -0.0014974694282804412
-0.7047992747041897 -0.009230993924301035
-0.6961983498999436 -0.0019209068381251377
-0.6934186149240077 -0.00964993042170668
-0.6913403052218008 0.0059324663379380265
-0.684706041653274 -0.001606668763266117
-0.676997881585325 -0.0005993491604348726
-0.6661355894000923 0.00023565556155106463
-0.6570780841767506 -0.002143906063105442
-0.6500398461404318 0.004298851767461519
-0.6499052544494215 -0.0005773443251579498
-0.6444821508545243 -0.005845763414775816
-0.6325762467087959 -0.005799929913762815
-0.627479366850229 -0.0005107718704916922
-0.6248836706514692 0.016403663599304726
-0.6239775031996279 0.0015261365197896842
-0.615842149197841 0.0004009671753658755
-0.6078349929294614 -0.0004002014720742688
-0.6031699247367626 -0.0004114923712988328
-0.5924668655942354 -0.005564919818199577
-0.5869250607234466 0.0008066635000825639
-0.581959571219861 -0.010453926035773223
-0.5732418788076107 -0.0012953966904552337
-0.5703971969025832 -0.005825575501434852
-0.5679555413328345 0.013648837140489173
-0.5663499374165767 -0.0007086794497528654
-0.5564179363776388 0.002409836002812106
-0.5539564071663527 -0.00041421769431469464
-0.548191963457709 0.00028112906293619605
-0.5414745975952704 -0.0007330954742281107
-0.5343846268696062 -0.0005828267060109023
-0.5296734053733585 0.00013429422536167293
-0.5198413827074955 -0.00007333178400527153
-0.5189182725140487 0.000719774869705931
-0.5163974345692767 0.0005015402263001224
-0.5006400790556704 -0.0006542826809561963
-0.49801679744061966 0.01040863711520051
-0.4968901877599569 0.000936707521482396
-0.49176499569801174 -0.004234673332099113
-0.4869552841772683 -6.880061300645069e-6
-0.4848551376984413 -0.002270802408011252
-0.4782791302091832 -0.0021746983193024457
-0.46766163705681624 -0.000581831529562892
-0.4662039721281385 -0.0009012380620135665
-0.4631098790628011 -0.0007699517124286787
-0.45797726584763415 0.0021391103051937974
-0.4517423270377755 -0.0002235391849986017
-0.4458404065038594 0.01896021719474295
-0.4422497764424806 0.008247835789871786
-0.4407136267982594 0.002263575760706626
-0.43422199162170655 -0.00015022557520981354
-0.43195437686735133 0.0018573950830704873
-0.4233952889777156 -0.0010069885166248112
-0.4189530421719571 -0.00017608853389539648
-0.41772117807546416 -0.002418505783976246
-0.4114880650634235 -0.0023021295692527955
-0.40590069544297186 0.028000055864871736
-0.4031304027239429 -0.004967956615227588
-0.39974701829999987 0.0026460629134760372
-0.3960576968803318 -0.020339735415646158
-0.3897439956838464 -0.002969297307844117
-0.38781295474485095 -0.009487507511623505
-0.38231139298426287 0.0002325444136389686
-0.38094602347110884 -0.009297523188687774
-0.3778686037805041 0.0009408379220368232
-0.3691031531777703 0.00033681551215918905
-0.365479281982482 -0.0008270621902031572
-0.36153254940980484 0.0015107497996687215
-0.3586948704519992 0.007321789919053189
-0.3547789348169087 -0.00011255386080408677
-0.3531426484496781 -0.00021614445148128065
-0.3477264605378475 -0.000033190341751172025
-0.34363194394613866 0.00008981505566601819
-0.3420252490042503 -0.00016464321963677753
-0.33187173327869807 0.00007439384582898235
-0.32764059877810314 -0.002129512554014709
-0.32531817562060955 0.00038684697232373394
-0.32305010001149437 -0.0016894359259513353
-0.3216518234127866 0.0043123504778220965
-0.3150796111643676 -0.0019727936417460313
-0.3148667602456677 0.00045651309178567983
-0.3101729084534578 0.007234770058231849
-0.30501386759466514 0.0012277205378034856
-0.30216396695886344 -0.0004091714255849213
-0.29922611360256934 0.000012799230997209639
-0.297866175983013 0.00037567929744030504
-0.2912508493365124 0.0033243769793108897
-0.2887746060748607 0.005401631405381752
-0.28823970447543784 -0.013229401772308889
-0.2821197374480665 0.0016108604397513612
-0.2794283997926717 -0.0031806198691901265
-0.27439973031672915 0.0006326890385947533
-0.2706891717095021 0.0016682613875446495
-0.2677566577848925 0.005555527682296119
-0.26283990339714974 0.010752204217901538
-0.26076637088063326 0.0036421644564954368
-0.2589762550783448 0.04651331837678502
-0.25844037231171674 -0.026847144347277807
-0.25414665041121437 -0.0025670319249328022
-0.2513978386881105 -0.0002695504308409367
-0.24986408112793562 -0.0017651463164460404
-0.24788316151329914 0.0005822683497055253
-0.24535033786225546 -0.002299571325847589
-0.2418130882170174 0.0009139672326979762
-0.2383753935977037 0.0004780746660595069
-0.2350321518709234 0.001308442292438872
-0.23172355003650938 -0.0005891101041956214
-0.23043406618483497 -0.0015231196524146506
-0.2252194191342107 0.003553078312179906
-0.22358611579529844 -0.0007159754613268552
-0.22003377788595593 0.0005696945254204208
-0.21522723291283102 0.005457459589248468
-0.21391821273264477 0.0007305363108853407
-0.21055543243694627 0.0006458480008121603
-0.20602382482454726 -0.000036964526061472406
-0.20379757609690424 0.0002039325566124468
-0.20227040205904145 -0.0004893718244993632
-0.2005811791008125 -0.006685529339986781
-0.19771901948748227 -0.00008500447740078038
-0.1948422606625141 0.0025223560152205344
-0.19320756362406222 0.00027608301792418643
-0.19295328994696856 -0.0010995843245620713
-0.1908741579884578 -0.0016474330266175112
-0.18586394871457165 0.0004025738935000008
-0.1849525923986886 0.00022052472088051323
-0.18194803501885282 -0.0006410213173066031
-0.18052450269969686 -0.004825472333178534
-0.17922419994573463 -0.0009917895967812519
-0.17466465300219036 0.0006080622014617125
-0.17161475544127075 -0.00403754004608021
-0.16953708351231112 0.01039499944162511
-0.16745739530865558 -0.007255097644795381
-0.16519205925997255 0.01070573456995771
-0.16376564591334747 0.020584909362871058
-0.16159486368669743 0.009478893781090248
-0.1600519325800991 0.040041327519070885
-0.1561645388654593 -0.016796515970981037
-0.15526659533277687 -0.0010442868789916962
-0.15437778896866558 -0.0009263968981059982
-0.15036448788615756 -0.013021255809459443
-0.14791760316126215 -0.015847477438754958
-0.14663503632719851 0.0022670973211577666
-0.1454313898626126 0.0021944318367812642
-0.14267450320383002 -0.00243508224319307
-0.13910900719748928 0.010049283355177865
-0.13901855474870642 -0.004678284300765512
-0.13668362254987168 0.007774604717195663
-0.1353745223967396 0.002674807778091469
-0.13329371521306754 -0.0010943529284090966
-0.13105370471279862 0.000821485721185223
-0.12896754616419906 -0.0036879703412303084
-0.12765222212916924 0.00003847553448110939
-0.12651935882595539 0.0012805836770473987
-0.12454681676751014 -0.001409293780427608
-0.12247085061455916 0.0003235972174199921
-0.12081674050887903 0.00021433259001775811
-0.1203170429076118 -0.0011060454677336035
-0.11780391846168448 0.005846307684309153
-0.11514628094903853 -0.004067405701494604
-0.11348664763742247 -0.0018769564480373955
-0.11179904805300638 0.0014443326331944888
-0.11077299804020647 -0.002561281785230628
-0.10804227408238914 0.0011997300477584669
-0.10626218897453153 -0.0007131308680619284
-0.10479803857773812 0.0018701032921729656
-0.10384458777313345 0.005713280956017483
-0.10197772733121149 -0.004026230545018819
-0.10145744996038761 -0.004522169000831718
-0.09927690814536615 -0.0029441111796951374
-0.0979630424808544 0.012897201481886267
-0.09784941300745842 -0.03398763391942961
-0.09434762490327765 -0.0016552400648250296
-0.09270716254315182 0.00023547577131559466
-0.09201675610752141 0.002628356795424249
-0.0908353911013659 -0.038086733615433126
-0.08904918809617283 0.002801009457742349
-0.08679472986816159 -0.0018972339148056556
-0.08464306720150586 -0.04195017947342372
-0.08435709744269307 0.001905927464041158
-0.08362432241709021 -0.002183086751770779
-0.08219166761529943 -0.028817452751822327
-0.08058495154024463 -0.0011371827722259223
-0.078548286750953 0.010848955001400656
-0.07798056979962616 -0.00928099712659525
-0.07703229186698936 -0.005595968926743046
-0.07572117965610771 0.006758774671545074
-0.07512711646407197 -0.0026472691456878453
-0.07389539796229616 0.0027264177790386757
-0.07358605805367797 0.004117385002418277
-0.0718139832667633 0.0052635557566389594
-0.07008060764638059 -0.003583252100181223
-0.06886026535242391 0.00015091035381669532
-0.0681012274753582 -0.010888989124605942
-0.06716800832756521 0.0020710186991796447
-0.06500712598053321 0.0018803443729766445
-0.06407466727141889 0.0007399982363189549
-0.06183045560732534 0.009590297501973563
-0.06166662457129998 -0.0004973771778669495
-0.05973871440921098 0.0056252979978573085
-0.05961270123253618 -0.00024805931469496894
-0.0587781311323152 -0.015727307563480415
-0.05728901557840791 -0.0028342742004363337
-0.05578348393894489 -0.005804259789424024
-0.05471676408438392 0.001240070085150835
-0.05454086140310438 0.016529130875851974
-0.053108815503080165 0.003105682494853116
-0.05206768142175201 -0.015259329236524405
-0.05102509243400415 0.008154936645615356
-0.050330932775962095 -0.011388861632761735
-0.050065462137430745 0.006812175866551997
-0.04873468804905188 -0.013844330452209156
-0.047672347760453454 -0.013412255412259334
-0.04661870830263456 0.01181599528545898
-0.046139013115302295 0.012834165554241335
-0.045576613502639966 -0.002481886238376704
-0.04424219319566797 -0.03226490558364237
-0.04295427535784381 0.02994748960248537
-0.04266913324648862 -0.01900455448754381
-0.0415200411107225 0.013984069425877682
-0.0411260198140492 -0.03435314991070879
-0.040384730494496486 -0.03976801236354921
-0.03935806357995038 -0.004493605926444027
-0.03881967296802714 -0.009352495992146263
-0.03734215057606113 -0.0035649600985370967
-0.0358862429454033 0.00219172374350446
-0.03511200887498224 0.0022241144593358624
-0.034699473989664616 0.011349030676448634
-0.03377808394836172 0.0021806793027734418
-0.03304901789532964 0.0010932847876154515
-0.032400060888517664 -0.00015399969911775171
-0.031871464942227014 -0.00013178506174688244
-0.03141991453971431 -0.0006147512265222581
-0.031101126452193158 -0.0014133619930261046
-0.03069665794282409 0.0012915016615084565
-0.030152601500891035 0.005780975509140391
-0.02960127966495015 0.004949335830690522
-0.029092008624867688 0.008976443131030715
-0.02814787279744699 0.00891286809132193
-0.027883718384573455 0.0024942506230316084
-0.027208863475217004 -0.002553715678442876
-0.025819093579203374 -0.0035569082149795772
-0.02517935284979946 0.003067274493171082
-0.024483149072595137 -0.007163835578904888
-0.02284220235548516 -0.003392878554077289
-0.022592613461960825 0.03058791597121981
-0.022186544019164214 -0.06774369578251628
-0.021239063674313982 0.03911697218918613
-0.020493868375938033 -0.03118732217322658
-0.02010977748946389 0.0016277482501825943
-0.019257644482605564 -0.01356514861292147
-0.019130298277659618 0.08388107512070692
-0.01869951017042854 0.0015611940918205762
-0.01822267139169002 0.004223318570526892
-0.01773450596841733 0.003033644354561667
-0.017632384473156307 0.0069424780399181185
-0.01728652472327192 -0.00467806819225614
-0.01703450834495885 -0.000946092177142791
-0.016970103014125226 -0.0010049760158814833
-0.01644529340461862 -0.00032400038361109
-0.01552871115612013 0.11567621173553923
-0.014874019403694563 -0.007680755957581152
-0.014660374132121548 -0.0042474206841937555
-0.013289966676469013 0.0014445165279721266
-0.012648397784610505 0.010510865485561929
-0.011802467461912661 0.005140120251156896
-0.011068035722471573 -0.005334516062480984
-0.010570396837488297 -0.03630601547685662
-0.00994770004733545 -0.03288418423726233
-0.009673409966254083 0.08960855845477422
-0.009510344144231927 0.00983513821757019
-0.008840513743572897 0.03009453639940168
-0.008513352067325645 0.014567051455228106
-0.008360953052198842 -0.009873932071375685
-0.007903781302052736 0.02602642365095758
-0.007708947472173068 0.017135147640315564
-0.007433818706311235 -0.0023121903709400608
-0.007201122965393302 -0.0030008292310283752
-0.006202078456865691 0.014464290966710055
-0.005411287572509406 -0.10784445242699958
-0.005103306744247985 0.28054446225826524
-0.0045574158190262145 -0.017824517060650018
-0.003907298044073779 -0.017103199790679056
-0.003439788893889826 -0.002199012836492927
-0.0030635205866930163 -0.016239120884577435
-0.0028214877973214807 0.014957127213525242
-0.002524022289808726 -0.045336117589020196
-0.002442008701949893 0.033332118414687216
-0.0021462801735104313 -0.03206488616771765
-0.001963157929381152 0.11582441968994203
-0.0016792082731702026 -0.08314919101710289
