48
-1.8560476207263927e-106
-30.636269375719603 0.00001510734858349637
-21.13128472212754 0.0001231791879542885
-18.26918886055369 0.00025884012152998034
-14.160963277332186 0.00008319285105890545
-13.369826934433009 0.0012958177558171084
-11.243123095526482 -0.001636643101309998
-9.624878279875212 0.0006760463252660601
-8.62142781223786 -0.00021211521617510302
-8.075728087309695 -0.00564293387574301
-6.475639623525028 -0.0008506753771846821
-6.317211937215521 -0.0077212618662050045
-5.620423869129757 -0.0002055569633642345
-4.749989954481883 -0.0032390921222305805
-4.28785944965079 0.003801028849793975
-3.9626214940750613 0.021629862743627232
-3.486031643693317 -0.0036662493446808974
-2.927957911451817 0.01268786436226919
-2.7696402461801886 0.004143398890058055
-2.3439167689602876 -0.03315672099237282
-2.248487532286778 -0.00879105599522608
-1.8030986943308447 -0.0077446163425929325
-1.7702843339604837 0.014729244117301091
-1.6764333245315457 -0.06199094192372552
-1.347557014152367 -0.009825475455651206
-1.2166018308683488 0.052960326733167466
-1.0848802045388513 -0.004005787033342462
-0.9366668832293218 0.013324680437604286
-0.8735346903561486 0.13467744020897962
-0.7383714462517489 -0.009869378082141585
-0.6619924821999006 -0.06750283330714392
-0.6066543730235356 0.04647887116381134
-0.4713487171250126 -0.16545296142863977
-0.3903166031784771 -0.026584411065986895
-0.3629086970308222 0.09784436635065932
-0.3468927042304547 -0.03446900456266692
-0.29335280937373287 0.0746121926670046
-0.22788161284757552 0.23445950927332082
-0.17925345221257785 -0.14857360379965678
-0.15839797216185614 0.11527675557683888
-0.14716803607892 -0.02132679633459698
-0.09412685178369819 -0.23245772335983297
-0.08797936012584812 0.22211639459235483
-0.07480832797584315 0.15078796119046411
-0.056583465227307526 0.3228216023919118
-0.04523592818481314 0.13933257600466167
-0.02684603214651508 -0.1855319661313492
-0.02047513315966905 0.0714418185854323
-0.016252832428901517 -0.7580694561278253
