448
-7.871090675317276e-86
-126.82781950381313 -1.6299573212810324e-8
-107.1812532881477 2.3164098099073496e-8
-94.61370565567094 1.8684616005083718e-8
-89.40608431880298 -1.7209739364000888e-8
-80.38572719855364 -2.5774315859858086e-8
-77.04760946324214 -2.1597092713100985e-8
-70.02991581721496 -2.1265828511645853e-8
-68.71876700319532 3.6819026458797826e-8
-64.08497120993601 -2.37971053175111e-9
-59.99483342239918 3.874741525165724e-9
-58.79900977757177 -5.626755635990087e-8
-56.355973283970904 -1.4381298926011822e-8
-52.67399172994415 -3.36671817162252e-8
-50.34788416375941 2.1418621120772883e-9
-50.17561932098949 3.8167774861134824e-8
-46.703321704406164 5.20605571815376e-8
-46.5042824821613 4.326446222929664e-9
-43.74775101367003 -1.2805235742122918e-7
-42.496224563349145 -1.6301778674652698e-7
-41.98959235830057 8.177636147607608e-10
-39.676705572631015 -1.113746497233703e-7
-38.364182857929904 1.5304590025975045e-7
-37.43192582010419 -2.7024136505300027e-7
-36.840101925970565 -3.363367110080664e-8
-35.68469162513741 5.704540045017183e-7
-34.67993742840639 -4.049583604358035e-7
-33.308151164615936 7.52736238832964e-7
-32.47085156056468 5.788530994179237e-7
-31.704874646729234 1.501727913454588e-6
-30.97237128610979 1.798146886450492e-6
-30.65415931382172 -1.4078495578631276e-6
-29.814932793266728 -1.1337912132974738e-6
-28.42890294140943 2.606551978231103e-6
-28.19030519007102 -3.2192143234405312e-6
-27.311574213779732 1.0916690085180287e-6
-26.740068809740027 4.974967516360761e-6
-26.582533046659016 -3.4005280825082247e-6
-25.515870690968633 0.0000112919821325752
-25.33046452659364 -1.6080200328941546e-6
-25.158164198486528 2.629005758213923e-6
-23.956865979308198 4.408031029031665e-6
-23.422536276879935 -0.000012148060399570975
-23.119323587132488 9.275929841832871e-6
-22.624846031047422 5.697981179552979e-6
-22.35113462322871 0.000014467252118397845
-22.04207616915573 -0.000013103792526402213
-21.49679521929036 0.000010250765185527577
-20.98636701201285 0.000024504332313373814
-20.94174009214996 0.000015138220478173882
-20.35818143500784 0.000019632623235226137
-19.881140270006487 1.6362405825887943e-6
-19.392961466697457 -0.00002294153017080581
-19.065627219369134 -6.7764016448657935e-6
-19.02879801644413 -0.00004789724911949211
-18.706297584727547 -2.9520979496058443e-6
-18.39315548259958 -0.000010220515685322497
-18.229428108813988 -0.0000799797889858368
-17.53626782458241 0.00003825992228486035
-17.453973122527366 0.000014149604529655242
-17.11114229643375 -0.00006448814171996506
-16.82102497982117 -0.000059804114217099095
-16.486832099583086 -9.389477584833784e-6
-16.27691243875497 -9.868724881560687e-6
-16.01961654699382 -0.00009365024277809793
-15.924144715200939 0.000023968951523986097
-15.64790456022777 -0.000041849081015151475
-15.45429321436462 0.000013374277690482562
-15.054277922890796 0.00020688901850347222
-14.665192142031097 0.000033110790668093226
-14.655139417744442 -0.00011826824662126833
-14.480838277910474 0.000028499771917459754
-14.191422540776168 -0.0000286149753031861
-13.877040877614563 0.00017318740161213167
-13.778274962461335 -0.000019744003820082704
-13.614578629731184 -0.00007163232910749441
-13.383696278196654 0.00018463438475454854
-13.270208888550961 0.000010991451532165374
-13.038892328339829 0.00006501830128371776
-12.884773634099371 0.00010629264824199135
-12.434172028943067 0.00019111957871052688
-12.282404566482686 0.00014127187531880634
-12.212071583708878 -0.00028913926683548215
-12.079735969033031 -0.00013669742263650026
-11.983017971091957 0.00006301781941242113
-11.849653387853646 0.00008983368478922571
-11.542556004277998 0.00010438730459887629
-11.49148746359025 0.0002832798312419226
-11.15534584338961 -0.00015569011331129348
-11.07718893278694 -0.00024994259878193036
-10.898659685317789 -0.00004495386865345524
-10.777251094103269 0.00034492782793856756
-10.709272315611075 -0.00013323020139158572
-10.512842637060139 -0.00005383594729539896
-10.239942975391365 0.00017357122041117867
-10.21383992069203 0.000016738358131280987
-9.963244650013108 2.007099269184326e-6
-9.931694695510547 0.0007554322145014358
-9.796831651065139 -0.00015089189466837403
-9.737325688174002 -0.00028046222053283243
-9.466164546042693 -0.00002462190425067423
-9.386181459237108 0.0007050851516829642
-9.316171716312782 -0.00009801273130619635
-9.171922578704379 -0.00018423845464499497
-8.94715124978932 0.0003359110883965818
-8.82564531118931 0.0002164183512092292
-8.722637078533147 -0.0009072757293541187
-8.65168968118012 0.00008191123808120611
-8.52465156803804 0.00008986070477056695
-8.507620381481043 0.00002886014698006194
-8.362655620966176 0.00021764319282945746
-8.139354744111971 -0.00042244307406539395
-8.098815028578048 0.0004942034754058654
-8.03996611003152 -0.000286022737245378
-7.823668042494149 0.0007312394900646781
-7.7539341841441765 -0.0006037556280762874
-7.6233864757732634 -0.000010191299613080939
-7.5123704825741315 -0.00004461047601459938
-7.469199865130196 -0.00006806975736554693
-7.3810890412577415 -0.0008176693681121429
-7.266753931420997 0.00008683441894588031
-7.197827745045644 -0.0015914259469455092
-7.06983867977236 0.0004048353646510864
-6.993732716279036 0.0003608304817634555
-6.9077742808921165 -0.00028327604780353197
-6.835499162099429 0.0005023262755015081
-6.700884847932379 -0.00018100905409908964
-6.554882821211087 -0.00008865689474432748
-6.543659701831542 -0.00037352993920245457
-6.439088797869646 -0.00006089370305087589
-6.312383014065005 0.00020653297647864802
-6.245362173192179 -0.001410056644215787
-6.203855098488194 -0.002132466039404845
-6.147508967115311 -0.000142723318146486
-6.029354340113116 -0.00012536366375739234
-5.940366177347101 -0.00006912711933309769
-5.880534159027296 0.00032145651089573047
-5.840209417727426 0.00038504756384655404
-5.7577281313784665 -0.00012970592580416622
-5.674097265962727 -0.0011159757703774675
-5.5412338280023254 -0.0004851549818226739
-5.503792246886109 0.0006286701655524501
-5.482994993964978 -0.00159112812382811
-5.319703198845656 0.0013163183127903177
-5.242618443221344 0.00027913389100296074
-5.209285075072953 -0.0003355111202725213
-5.100911560140533 0.001049984350265097
-5.075555944707214 -0.0009709628423730159
-5.005085459875839 0.0017744321383759332
-4.952125584735675 0.00017809300463378312
-4.929938842340593 -0.0006725257048635084
-4.883793581633053 -0.0005858583510299744
-4.766200267666167 0.0009514082300514324
-4.714506650418429 0.0011446383154170114
-4.610599275618979 8.294023668515031e-6
-4.5822320003742165 0.0005650558942444564
-4.4864162283884665 -0.00025980884398267367
-4.467066056089129 0.0001748437685595279
-4.363726456778854 -0.0013061474099199106
-4.296790720909253 0.0017711925182335715
-4.271062996621685 0.0009373129440139531
-4.1932138954776565 -0.0021479249487720365
-4.148115866124045 0.0006013179602426184
-4.100636834987395 0.002864222757985861
-4.0836612783521815 -0.001719623387693118
-4.022628837488156 -0.0006315658996362972
-3.9343309351164164 0.0011392544160588978
-3.8968132776372504 -0.00048462870060357024
-3.8593333606481672 -0.00012183074397430776
-3.771479992896126 -0.00040765851630222713
-3.7575471799025455 0.00023541992480924113
-3.695917553791792 -0.00090001687151016
-3.6575942276313342 0.00036035801760719686
-3.5866419877481905 -0.0009689428199891064
-3.560624571164627 -0.003508466976713313
-3.4850214814861986 -0.002097797662105784
-3.4810730623747337 -0.0007365962099097844
-3.4226816212078663 0.0008764107292345737
-3.354793686857879 -0.0019960892856992866
-3.3218362991715753 0.0005483294112883174
-3.2910848514002504 -0.00026075949625216306
-3.199100870262072 0.003773501530311483
-3.177265588516743 -0.0024158266998369716
-3.157660159831258 0.003572088424420924
-3.132886486680486 0.0018788218948461077
-3.0512578215793766 -0.00015993102604597257
-3.0206283386671857 -0.0003392918575208266
-2.978698629770596 0.0000790592811630467
-2.942825705657636 -0.0006693841483545724
-2.8884727136712796 -0.001011300039182271
-2.8796707592229125 0.0005298235812953131
-2.85214229209369 0.0005468767248547452
-2.7886584758616895 -0.0010160434960060224
-2.7527746863452807 -0.0006667160523384873
-2.7331068340359725 0.0031940030095732774
-2.659639769934168 0.0010352342387398386
-2.6373166555126124 0.004644794994294283
-2.599848741842227 0.0007594936690205254
-2.541780361087351 -0.0008312378458210135
-2.5064395836701316 0.01246132940507126
-2.4746961784322457 -0.0051494662969959045
-2.465886466787732 -0.0004574533685714404
-2.4477413336761416 0.000851878096013979
-2.404850419953346 -0.0009165297842971289
-2.3734424169707458 0.001291007781877699
-2.33400912351456 0.00026246355539552037
-2.304778060698148 0.001616346727831491
-2.2841265895946647 0.0006410904167832607
-2.258809225118241 0.0017532447871108857
-2.200218828885946 -0.0018675647870387581
-2.1481498892525033 -0.001569391088423096
-2.131456262247394 -0.00011677806219525818
-2.109697544996013 -0.0002216173955381788
-2.075001745059435 0.0003359849075415244
-2.025104502403905 -0.0002082885038863903
-2.011972706578448 -0.0002366378283048495
-1.9824727267731568 -0.000845191270039534
-1.9669885911718967 0.001298668734253488
-1.927633895820929 -0.019996655642619387
-1.9134294216619308 -0.007526309462200684
-1.8685869258751628 0.008983487596302495
-1.8534315074611105 0.004039437272189269
-1.8325397810152153 -0.0005768558609281723
-1.8110338716527166 -0.000017041994931152762
-1.7926727009112167 0.004439947941471672
-1.7647449146425933 0.002769875022815341
-1.726005164164973 -0.0014377648599783674
-1.6973361169533427 0.0008334541393404079
-1.6925500257589643 0.0013056477716566748
-1.658528490777967 0.00006002274987305124
-1.6066170855386674 -0.0019703458948697396
-1.580674190074371 -0.00040012561676354777
-1.5530757678842313 0.0025472846904579824
-1.536040606229952 0.003283479699876302
-1.5321159817978103 -0.0014675162477029015
-1.5168954371652443 -0.0010026505635061926
-1.4796854763020393 0.0033011054169919123
-1.4472322898445762 -0.020291865839692284
-1.4324345990915286 -0.0008387648617647757
-1.4214493725494464 -0.01096959329521594
-1.3983719674904278 -0.0005972848560632353
-1.377938502832987 -0.015000145773944238
-1.3654254783964686 0.0047302466996901596
-1.350180109581182 0.015378480390708932
-1.3099448011558281 -0.0001937897306549357
-1.2896825051834921 0.0005114234135341849
-1.2771995841335408 -0.00037551636797672515
-1.261823809795839 0.0023749758034707635
-1.2413140774993439 0.00025998405580254205
-1.2176368963174338 0.00499091860122433
-1.20285638939959 -0.004733526070043825
-1.17891964580724 0.0013712393753156774
-1.1572012563017422 0.004766747562550755
-1.1411260312843432 -0.00032514934051135777
-1.1344959065471343 0.0012811138501140408
-1.1116122181238695 0.0013770970806252652
-1.1057341925930837 0.0011245535658571109
-1.0770529815245642 0.019509861033196293
-1.0668520434192899 0.00451050135314186
-1.0524886753203329 -0.0022468737953404375
-1.0373461890593367 0.031430700457540435
-1.0108838059589207 0.00196763166910202
-1.007295347373439 0.0037530697521322635
-0.9815496301077402 -0.007361545842756723
-0.9693074327287374 -0.01321681740913818
-0.9518075522313693 -0.00551968841526602
-0.9419466041021949 -0.00711549126108834
-0.9288565414269868 -0.006440313707361314
-0.9251636366508681 -0.005829545641223552
-0.8901443179798793 0.007447897003499107
-0.8758526768949157 0.004223103488982974
-0.8636952490385572 0.0067245529862336555
-0.8493108689426739 -7.982242417879742e-6
-0.8398121652482826 0.010053284250347351
-0.8349213061206234 0.00033618195688929454
-0.8174289713605312 0.000786375785757201
-0.8126316332648915 0.0019861610224709276
-0.7838078808607718 -0.0023070694323786335
-0.76828216676318 0.005471130319540231
-0.7617041907475728 0.006383344771239123
-0.751785285746641 -0.012573518374108432
-0.7423566426329663 -0.02159309845578287
-0.7312383416454888 0.027617386288857185
-0.719579082774713 0.008714348995638565
-0.70724295008132 -0.00019129371087789188
-0.6966095003046079 -0.0009034586995979635
-0.6914016074795297 0.027522249185241432
-0.6683612410640293 0.010285159721989214
-0.6569237022831536 0.000354242042525816
-0.6452762054856735 0.0008839262040825755
-0.6352886005068228 -0.0020617069165360367
-0.6240536498740233 -0.025145586608556255
-0.6169680173953989 -0.004571955133661097
-0.6129301317029845 -0.011550635555350356
-0.5895903673922144 0.005148049998515007
-0.5808564926599686 0.0032750896565272056
-0.5733912979597796 0.0002338318996111711
-0.5610451136191956 -0.006188795871500279
-0.5573130699435836 0.013148151295686182
-0.5475948238967283 -0.02637428632489669
-0.5353114603944845 -0.0027785414632062705
-0.5252750367320859 -0.0008690443532463171
-0.5230332991808382 -0.0023982193671157215
-0.5020618034402898 0.02799654984581646
-0.49694092361235387 0.012027762198606675
-0.49265091929563626 0.01261290329313135
-0.4916783318092061 -0.001758370727142709
-0.4761643576051141 -0.04020891151949439
-0.46665879306927516 0.01594086336928132
-0.4640580502196959 0.005786316262250763
-0.45004012962473333 -0.008951670878999866
-0.4478411755074089 0.0018298462488161734
-0.4287394885265978 0.0076906470845657104
-0.42317051114396487 -0.004311564488664634
-0.4167078906660633 -0.0035765554397757973
-0.4142430106160316 0.03193240114180203
-0.4002118364178876 0.0009549883194657054
-0.39522323160987377 0.005481423563155916
-0.3868337527766088 0.009973854892102946
-0.3828532929655088 -0.0007715057488940803
-0.36972406758160015 -0.0018042574133018954
-0.363206031479031 0.0221723393695399
-0.3598075253248059 0.051213601199450315
-0.35113384929159075 -0.00511004926539638
-0.3486384984638135 0.004245995050665631
-0.3344981474897095 0.009166502559890221
-0.32941370737435327 0.006830064186305462
-0.3236761573928597 -0.009686467819589279
-0.3180414815215439 0.042235248215609617
-0.31462546051951285 -0.007542900336927675
-0.30800754559601595 0.00594694325155927
-0.3042512614806994 -0.02851328764385622
-0.2998621434764336 -0.0017753994256876004
-0.29278208981859694 0.005406055616064097
-0.28959344749759725 0.004017002369426037
-0.2783593760345463 -0.004642082324688468
-0.27600441268732273 -0.047725471517174704
-0.2694686053924548 -0.0005207048028623717
-0.25900775334986004 0.0022700678335100407
-0.25283674036016174 -0.0014947032509174873
-0.2510159790982891 -0.0042564355086439735
-0.23859237580120957 0.00039539424086340087
-0.2377676044773723 -0.020981246025358658
-0.23454174435576594 -0.004204619075150137
-0.2309269331279607 0.016041169448834477
-0.22844524399895622 0.049542298917901934
-0.2234781409132299 -0.015820158441285852
-0.22190853796999443 0.00764568575139823
-0.2132080528027255 -0.029652610640189443
-0.20947612091413678 0.011522558084888262
-0.20433922444078542 0.046344200344536894
-0.19773092497964723 -0.008832305087917176
-0.1951369320425947 0.028055357662328154
-0.18739840142096476 0.00851131761262814
-0.17982117603728678 0.05688134233310917
-0.1793785651157508 0.013755521949153051
-0.17612417294126062 0.007558532255060109
-0.17369176177918982 -0.008263286741074356
-0.17173615996394834 0.000988090305160738
-0.16673192117131214 0.0025017685898647423
-0.16045682845904832 -0.0010115361348137463
-0.15859828526146105 0.01773777032282584
-0.15656295450803864 0.0009751212980461932
-0.14933271799009337 0.010762475202364136
-0.14786421872736757 0.0018462812594853188
-0.14497958482345114 -0.0041638247806276545
-0.14159341647596113 0.050568241204578854
-0.1357960438912633 0.008346209724992644
-0.13445644910502125 0.003817699759125669
-0.1301006935129804 -0.041549221096302894
-0.12835301899377788 0.04861388848451708
-0.12409219704106204 0.030593337100735234
-0.12276933653439182 0.00927442331459455
-0.11954426899203721 0.01819091396773221
-0.11571003672313522 0.0025114457464521407
-0.11138835299396165 -0.06082380906885339
-0.10950456118010253 0.005189411978225731
-0.10749411900296436 0.0030877742518613583
-0.1030649701191914 -0.0936108986098177
-0.10040385237549133 0.0005682705237814328
-0.09813431658122 -0.0019949409120949323
-0.09622556060188182 -0.024849837906293547
-0.09237468832273447 -0.0028347525237767375
-0.0890281493425461 0.030505500536406074
-0.08637694677434565 0.00026683050602422065
-0.08551113245902572 0.0022491675130024732
-0.08403241468389054 -0.0020344536060719147
-0.08137812073649356 0.002399678232159334
-0.08019686114557777 0.021178176900629207
-0.07723061742519045 -0.013029893099436531
-0.0747712645237132 -0.0076740063301611984
-0.07381973854260485 -0.04352161613668294
-0.0724031429701594 0.07065628123072434
-0.06918547829528669 0.004625765563074556
-0.06681220835749242 0.05731122373486336
-0.06593967316276794 0.0341492138839533
-0.06175848105212282 0.007502554291002002
-0.05843869781373054 -0.0598184661120513
-0.057232475075603056 0.030518614653649002
-0.05615245162115038 0.013834228839481847
-0.055513179406773215 0.048483125838833005
-0.053324476725867334 0.043589388810005486
-0.051936737205283 -0.013600218880836028
-0.05111476707453596 0.049521708896747674
-0.049126573944531585 0.03471833147503903
-0.04762057843395899 0.01570749790993254
-0.046747214280598436 -0.013545185022162454
-0.04547349065487074 -0.013699559339513057
-0.04280444885691464 0.008129628277794896
-0.04152665616204756 -0.024882838105222016
-0.03847492479497538 -0.008018123370322185
-0.03689578858074287 0.027099018510277687
-0.034501029203918995 -0.004613744386294464
-0.033445868470409576 0.023128749113858208
-0.033386251068981194 0.06566758793305373
-0.03284444579001139 0.12989455065724956
-0.03101142336809854 0.01897364129289041
-0.02997904460169706 -0.011016872080164154
-0.02888350848234304 -0.016303510292989046
-0.02877183291924299 -0.041083091061882605
-0.02791373933549949 0.032655186807941744
-0.02712518426322626 -0.04068129609847908
-0.02607247153187628 0.04624353173418831
-0.025231664779815918 0.10734977759801274
-0.024901750279976896 0.10781848303368657
-0.022566344558841277 0.010159569757089197
-0.020790320309867046 0.0027380189754223423
-0.019687346638821077 0.0023207804269496837
-0.01739419514233898 -0.007848222809777324
-0.016882665373165167 -0.0036223944376449825
-0.01582550301182937 0.034813873023846434
-0.014520309639371443 -0.04729392017298412
-0.014242993405989775 -0.0007621759931342599
-0.013711242888961028 -0.05880511048621724
-0.012727196800659108 -0.2769389680832322
-0.01261531768745339 0.0653924519992319
-0.012312403331686117 0.181282883141187
-0.012019808863799244 -0.015978164081885637
-0.009990963452919508 0.013308288850334776
-0.008746213177888413 -0.006128360152128085
-0.007836157690474006 0.04282201999399359
-0.006697710615807332 -0.028544389324563848
-0.005487049557995234 -0.017502739710991738
-0.004707996541062454 0.06353387266704165
-0.004076363499035083 0.10945420934729588
-0.003941927696158036 0.4170881153280059
-0.00342245997583314 -0.4132965762978025
-0.0031293610814830384 0.7027564889073311
-0.002833620826264639 0.10076282360323753
