798
4.243752614142985e-77
-178.57734807603822 -8.105654539458324e-9
-155.90631401247418 -1.0724545805939498e-8
-139.82823577477754 -1.12870433286139e-8
-133.34084812913954 3.051123689072612e-9
-123.29735654007686 -1.4261080653702414e-8
-117.62991260739174 1.4783382908014647e-9
-109.8422155192934 1.92912729581116e-8
-106.5238807551026 2.0045401025657813e-9
-101.5104131881796 1.3866239730620542e-8
-96.84398613877748 -1.3140268639589624e-8
-93.68256926712435 -1.4962146886665095e-9
-90.42458446482665 -1.0823218589044083e-8
-87.15064419502805 -2.0941999767635668e-8
-82.73229719436341 -4.512706934882487e-9
-82.27803756302487 8.10911056436104e-9
-79.17945752463365 -2.7019078798340018e-8
-75.6262713044699 -7.439476996490189e-10
-73.51050567221428 4.567300727863522e-9
-73.1558748138374 1.5210820914123084e-8
-69.90898551592635 -1.4391562173094331e-8
-69.06772391512747 -1.7554629785504833e-8
-65.68707980884639 2.521345136303807e-9
-64.56040687208558 2.9827069802873796e-8
-63.61777203747109 -7.3354939698379065e-9
-61.80262044339442 -2.1095606503445764e-8
-59.42515825805753 1.5003066992382036e-9
-58.920865749469016 -7.468872126764328e-9
-57.83494880949318 2.233585192461425e-8
-56.44212232679808 -2.03607736687192e-8
-54.822006703284416 1.5825214394610723e-8
-54.06094601766106 -4.724518699251304e-11
-52.180899996124715 -1.0961471083300083e-9
-51.52523488647956 -2.158180947734034e-8
-50.366503653293286 3.830917157131442e-8
-49.65389125923169 -8.229727241439688e-9
-49.15314380899857 -4.040305241222446e-8
-47.09188490949715 3.4808150883776e-9
-46.85417752106754 -9.36426196514925e-9
-45.58753161788666 -2.8925299682641576e-9
-45.22560008708552 2.2094002365688814e-9
-43.94244950617293 -1.5543340799850977e-8
-43.7367279626225 1.1001259312258513e-9
-42.43220833366999 -4.9224423901181187e-8
-42.25144634049235 3.636808147610463e-8
-40.93967990054116 -6.536389786980474e-8
-40.406348638722974 3.109579876729163e-8
-39.663039032932815 -2.2420730505465478e-8
-39.45453599999457 2.3183170257260545e-7
-38.594746511729966 2.0436290104299113e-7
-37.77533323545831 -3.847247262657168e-8
-37.32134657417036 2.2594184103759098e-7
-36.622229368638386 1.5357498951813684e-7
-35.91646130808563 -2.940716713364932e-7
-35.48102420897153 1.9932557676327168e-7
-35.46222323489711 3.496332413308497e-8
-34.69792256617378 -1.0808292585496374e-8
-33.88791031735682 3.969179222883067e-7
-33.85889833434648 -8.315428391966277e-7
-32.80214901457914 -2.454997619330613e-7
-32.578311056486854 7.10393100030145e-7
-32.002404410930204 -2.811519467433035e-7
-31.42868927163383 -7.008514864984663e-7
-31.354333595070994 -2.880173935640101e-7
-30.892753032556488 9.732576223435554e-7
-30.625065805142498 9.597164224037069e-7
-30.029003401029733 8.957502710005799e-7
-29.617973185712476 -1.5922077186189837e-6
-29.31976029266935 9.83445103746856e-7
-28.66364584004824 -7.130544555485067e-7
-28.526017793738653 3.455526157821656e-6
-27.749145826212597 -8.643888156566116e-7
-27.64752502763585 -5.246233607015942e-8
-27.473143127726246 1.6147711739607949e-6
-27.241979053020895 2.0957520751297153e-6
-26.997666217359544 -8.585679974319533e-7
-26.462737650660234 -2.209344636255752e-6
-25.922467986772805 -3.64569653000626e-6
-25.859653501625846 -6.590088397754569e-6
-25.64743550123601 -1.4176629324949165e-7
-25.064203762839224 -1.666254009114379e-6
-24.749923001362177 -6.980933753336786e-6
-24.398391522247124 -2.764119853386062e-6
-24.33124258797446 -1.0426625276021946e-6
-24.026371704047232 9.181999415642749e-6
-23.84921661924101 6.226253292178804e-7
-23.756446629033313 3.1818879850595787e-7
-23.45321664392197 -6.67598917856619e-6
-22.948944868179247 2.3395683893569033e-6
-22.842551239098814 9.909012627756353e-7
-22.520536871556654 0.000010601791301992024
-22.309966119691804 0.000011445761475835061
-21.8597200335648 -0.000012509106718244124
-21.73297505167173 5.448418441179326e-6
-21.509197749093723 -0.000012012300662113282
-21.42487921200457 1.9172046046640482e-6
-21.13035925084265 -1.8713721315146352e-6
-20.91610739026519 1.2239512628214867e-6
-20.77154548971901 0.0000173597231554683
-20.68720903836286 -0.000010388015540335157
-20.35133100090401 8.268471801729107e-6
-20.213154319794747 -0.00001407363855611021
-19.908631477156185 8.071694607115767e-6
-19.73426302135463 0.000020527211457519692
-19.49331616798673 4.495456845148083e-6
-19.30264650609533 2.4536506528455236e-6
-18.994082787208207 4.667498812054605e-6
-18.883169356763332 0.00006517002760012409
-18.815376552446235 -4.837514740527819e-6
-18.617805042607873 -5.506018733951826e-6
-18.448388127201316 0.000013731897431025636
-18.31429214234832 7.633743364009914e-6
-18.171439275744152 -7.065395861938347e-6
-17.919942118683004 0.00004503317885149539
-17.84716684390416 -8.974183398932674e-6
-17.704227212728995 -0.00002257314934582906
-17.388102874145048 1.1636183538265332e-6
-17.214933697797854 0.00003924530010834114
-17.019696183398842 -0.00004049002372896412
-16.96111096066419 -4.124973486196589e-6
-16.780826201757765 0.000020321260026730363
-16.6792524060711 -0.000019308013770070047
-16.441248243243937 -2.680654455072747e-6
-16.373205581304642 -0.00004032275797738966
-16.26462626153214 -0.000040668327011739354
-16.02420987551327 -0.000017261309589237262
-15.99268501994866 -0.00003644982790557568
-15.815895601881422 0.000057084954478607124
-15.62771440732006 0.00003793320064864417
-15.546549259133544 -1.3060268040032008e-6
-15.475147272880418 0.00011418900808065419
-15.217655520507204 -1.6573820158693341e-6
-15.027905204938369 -2.6155591228525032e-6
-14.916798602228758 0.000021476758870046035
-14.790289001832004 0.000056349426184102175
-14.742488136451612 -4.693696723247589e-6
-14.677698765632954 6.963647084977412e-8
-14.550442762744005 -0.0001356331400066593
-14.3723544910878 -5.592329595350077e-7
-14.19926041732725 -0.000027931024275150674
-14.142869343371567 -0.00007006279598072843
-13.990767194076316 0.00006351013198993639
-13.829533424632293 -0.00001886431374425672
-13.644152958728704 0.00010535328954581821
-13.625347328731673 0.000042709837984905446
-13.594723929710192 -6.338066849131788e-6
-13.461421559892182 -0.00008991982916760893
-13.26342730046074 -0.0000744145892574672
-13.211894578660868 0.00014455375974112465
-13.043445486918538 -0.00011231804095421379
-12.944504758739265 -0.000022848085563594132
-12.887936616298827 2.5817113373413053e-6
-12.77708028737982 0.000042651643129399774
-12.758538506100788 0.000022781700236955765
-12.56334340127134 0.00016146252498902216
-12.513264122152746 0.00004008068024639749
-12.308457336683704 4.689404792744188e-6
-12.247559159579406 0.00003283382875911666
-12.139385511521958 -0.00027846416864056275
-11.999737567406811 0.00004287943545964857
-11.885529756123342 0.00007917484334692269
-11.834600437623093 -0.000050585918392482164
-11.745918861838545 -0.000041377727854338426
-11.682590492563476 -2.509028758663061e-6
-11.600934337827397 0.00008246501890695843
-11.529176992313245 0.000058219077450016025
-11.406511651721523 0.00009140069154870186
-11.307643831146272 0.0002565177498691508
-11.169752165077767 0.00024121034506447366
-11.135363980715875 0.00011243830970747428
-10.989661944915222 0.00007779916679510544
-10.952202335790107 0.00001791902624814619
-10.909035978806047 0.00012414705648837956
-10.824388966839837 -0.00012322701431182465
-10.703289083522517 -0.00015202766609018415
-10.537875953582613 9.69981844087282e-6
-10.479767162145905 2.0711017169778557e-6
-10.422424411624268 -0.0002483110617901626
-10.342477571994698 0.00012424174653327533
-10.236836956982092 -0.00005768306166378353
-10.197357695441898 0.0003865130260160898
-10.172853153199656 -0.0000777930372146769
-10.012937304246329 -0.0000353232090431253
-9.936584505974315 0.0000193570153784746
-9.868629431753885 0.00002736153775361624
-9.848342112503264 -0.000014606204034291299
-9.73744815132181 0.00022002832264842888
-9.64455042414397 0.00027214247186047545
-9.56985481536523 0.00029138314706241036
-9.486859605506835 0.000031337129928983406
-9.415973455600632 -0.00014249700480119162
-9.34597599869293 0.0001727342853416946
-9.243299821992231 -0.0004860901240451638
-9.215512906000763 -0.00019160954426080415
-9.12854600364354 8.611447345954541e-6
-9.040085049992035 -0.00034340319100697634
-9.029368566102123 -2.205467573710258e-6
-8.906287122245148 -0.000022086390484333634
-8.869885318964174 0.00001634413832021542
-8.827012203421713 0.00005074888674493971
-8.721548492344576 -0.00036411894228075123
-8.65629901850559 -0.00021665804125921124
-8.624821457685039 -0.0006214266271989652
-8.532726501362932 0.00013437801114584097
-8.473696796603459 -0.000037408565842563585
-8.373801595446032 -0.00008888859215614787
-8.291668375139503 0.0003391269924569718
-8.246533788073268 0.00020829872221403588
-8.153314870888728 -0.00007899229719501205
-8.131740566005863 -0.00006096982767012523
-8.066991372927152 0.000014267122532184307
-8.026647223381708 0.00046320774522519664
-7.950443783602498 0.00005168624536507806
-7.9311274101650495 -2.2506654029166616e-6
-7.850732193312755 -0.000655748808237416
-7.822992659810631 -0.00005219914622942964
-7.71079791412361 -0.000144896699843712
-7.663918079717107 0.00011824327274065276
-7.599154647238034 0.00011772409363215006
-7.538910818441692 0.0009777023972307132
-7.496325997072613 -0.00007976804995868359
-7.404557796851586 0.0003925163881584127
-7.36674316126076 0.000222411488747363
-7.2871464276266895 0.0004560069751820961
-7.246854154619194 -0.00016571517041790798
-7.196025734824154 0.00002974498995252399
-7.177406510181821 -0.0003668497990224481
-7.095341660466154 0.00006647032122678566
-7.039280467539786 -0.00007980500328042422
-6.99877484065714 -0.0002699441990126478
-6.9499786820112375 -0.00035925743115360623
-6.883319341987115 0.00004928692573492386
-6.826015139544817 -0.0003135620848404422
-6.7798722030556196 -0.0005838764737058286
-6.733684883747476 -0.0003944275669118889
-6.680951632399689 -0.0003408832847196051
-6.630829530733661 -0.00005904375272409171
-6.617767042962316 -0.0010875340217454117
-6.56480578467955 0.00019415313115016744
-6.484056809744252 -0.0000332976594776145
-6.412220229040022 -0.00023244445397628595
-6.355181480690799 -0.00022452650325137792
-6.329135009034555 -0.00005351990848831466
-6.304774039869091 0.000048983818266910916
-6.235969449390258 0.00024860415234056386
-6.197908032476781 0.00009606376363606332
-6.1260611883765845 0.0004495507559134887
-6.097632304174088 -0.000027891059398700508
-6.064523056247467 -0.0013957896790291852
-6.004932675941943 -0.0006617333635950616
-5.968971266586398 0.00010493830639073947
-5.9382769813157505 -0.0000593376042132678
-5.895028174627047 -0.0001600458532911478
-5.8705797158480175 0.000891195071676612
-5.785801754205573 0.0005843524422620512
-5.733721633162646 0.0006451195398172884
-5.70899353097577 0.00007132947512491494
-5.650056024270182 0.00032512160091364913
-5.622262968502093 -0.00005264295588808839
-5.557077240889434 -0.00022948639134387245
-5.501544517235367 -0.0009227601167106796
-5.468925352403581 0.0006145535754961051
-5.44379277554394 -0.00006505523414773192
-5.417315128318262 -0.00017240591643600465
-5.370742645855637 -0.00009339392440856279
-5.333695923453865 0.0003731007823346268
-5.286098249392815 -0.00007879679988503947
-5.263806656054023 -0.00016098851196142514
-5.234980244956635 -0.00023341061430279887
-5.179140066772033 -0.0005260642434614045
-5.122333279741711 0.00043329908270388524
-5.092804358752201 0.0006702344251334522
-5.047283248984627 -0.0011629921803489607
-5.033931671434131 -0.0009592982093832358
-4.990523946563662 -0.00014074650501677379
-4.944740688977494 -0.001342743338301134
-4.918227627945228 -0.00026371445260730387
-4.846334408396546 0.00023437745310460402
-4.816396284858377 0.0001828762176724112
-4.8004612791574015 -0.0003500329814406149
-4.742868684958019 -0.0004475229620648563
-4.727662922592476 0.000026275226554079294
-4.670509685653519 0.00009421635939964811
-4.649929047300738 -0.00010278145207619913
-4.627572701281762 -0.00016126992837933512
-4.585865313885019 0.00004939592163261034
-4.561026090657502 0.002385036022322812
-4.53817045099386 -0.00016562269255987537
-4.50355644370317 -0.00038727776124097
-4.44707782067139 0.001178103987011367
-4.423944693872219 -0.00004555237049676198
-4.401883065930044 0.00040371212526494135
-4.329636681330011 -0.00035004420326526853
-4.316248394589083 0.0007864853263986616
-4.282490237712731 -0.0001286017431904171
-4.242601816872031 0.0006760723148138645
-4.222007295327353 0.00017511586359709454
-4.206050376862744 0.001623614046554245
-4.1413422683978665 0.00003637993787998698
-4.096991011659834 -0.0018803332330030184
-4.084787271556456 -0.001242098968665225
-4.076198658698334 -0.00036634969803202847
-4.038548667768618 0.00033295389732119823
-3.975778303106584 0.0005539969279255721
-3.9666895715603094 -0.00026129008174464535
-3.953355757032386 -0.00036305775771979556
-3.9103422894354614 -0.00020180221606425883
-3.8906499599534743 -0.000274663904444816
-3.872389750440061 -0.0015989312401591628
-3.817884701831454 0.00036712257856657887
-3.778496855967461 -0.00033502543441008096
-3.7557127433493354 0.0001366532165123327
-3.7346249801723 -0.00034039499864553697
-3.7198393423277043 0.0006977209738047834
-3.671822735634026 -0.0006170160910790474
-3.651399405908791 -0.000249661627995824
-3.619211882597779 0.0004333417396100856
-3.598250049741907 -0.0014857313286736817
-3.582450701806078 -0.0019515289745430852
-3.5509802991324553 -0.0006272830467737529
-3.5039004377459153 0.0010678679911821194
-3.472911154302835 0.0011734957878292431
-3.4626816821872546 -0.0026618997786544817
-3.4475058450817118 -0.0004687247380660089
-3.368327496223584 -0.0008357307034896429
-3.361872343563141 -0.0016116285979974679
-3.3584566132915716 0.0004676088953074605
-3.3010459132554266 0.0007167554402886266
-3.2920061395373508 0.0012597591605760076
-3.273902644720709 0.0003652279966933547
-3.2524698631350453 -0.000349834673684923
-3.225601450865194 -0.00014730169204080394
-3.2185112209858646 -0.0009057043528947201
-3.210012739905736 -0.00032623269441709346
-3.16214511386139 -0.00006209614367818426
-3.150301342205183 -0.00019400613189739805
-3.0987387538424382 0.00021903468984233048
-3.0791778667893137 0.00012334448972434946
-3.0501377754809247 -0.0005301967887857051
-3.0400406467539947 -0.0006165714074007932
-3.00656365657227 -0.0018331601364501061
-2.988534292868085 -0.005385146978713047
-2.9606124025571017 0.00030092343708157366
-2.9324038672310686 -0.0007686290151374001
-2.9077243360278726 0.00029126507932055254
-2.897628164334031 -0.000946681465708078
-2.8782480261923244 0.0008557897600283895
-2.8613724402458183 0.0009896578641213566
-2.827389240763518 -0.00036009612923611944
-2.8021817718915663 0.0004062182513949628
-2.7870351160972286 -0.000952737458726005
-2.767215426862207 0.0009740748136992368
-2.739418348659657 -0.0004218179745685827
-2.7291322613639566 0.00447788370630032
-2.713200527313473 -0.004409865527852124
-2.6942244991519795 0.0007849376767463856
-2.6692147902740238 -0.0005926455176685453
-2.6369514126544886 -0.00008578322597581101
-2.6211649181573073 0.0009561124145428852
-2.5798260652663534 -0.0004009180704007055
-2.5756860132598374 0.0004056754112911364
-2.5521564895921727 -0.00007031726761062516
-2.545944302129114 -0.0008498321358736763
-2.512141537157485 -0.0004080133062083261
-2.5021831562750623 0.0005023203934660462
-2.490806937391203 -0.00007354395443791886
-2.4519139970488966 0.0002358245973351577
-2.431586031363843 -0.00020327313296172766
-2.425188679385274 0.0006178409247284097
-2.402753657501201 0.004896345474365728
-2.383012331905401 0.0001948618069953786
-2.37086861029526 -0.0032568262096432064
-2.3610554699674773 0.00008339119758936784
-2.3226094103993336 0.0005605687558150453
-2.30440997722247 0.0004526106312711914
-2.290147297563026 0.0029858604738661645
-2.270492995186995 0.0011240112864630285
-2.2503692289924033 0.0001454804254421864
-2.243038751971862 -0.0009469364610503234
-2.2126739171326992 0.013410985609947614
-2.2025029292603526 -0.001396114260166668
-2.1938593330688323 -0.00013172879211234063
-2.1806369907205516 0.0009464994325245967
-2.1314307790968603 0.00025761052666070476
-2.1250985744672435 -0.0005236224953558084
-2.105271523275114 -0.0005945338143336569
-2.094643307384761 -0.0017395847021875696
-2.08321105196255 0.00041710253887089304
-2.062793716669897 0.0003612027027779582
-2.046412678713918 -0.000707278175870448
-2.0373968318587194 0.0005679758012053174
-2.016490117731892 0.001788089718240135
-1.9953127410218858 0.000038345787214807785
-1.9810472670737715 -0.0009498754810279674
-1.9728547563648127 -0.0013177426736623212
-1.9642826817785162 0.0009048310550301213
-1.9485218346357225 -0.00042138870533537086
-1.9293264061340387 -0.0024785289986844067
-1.893683925722623 -0.001452967456025284
-1.8752018911424002 0.0004287933171378446
-1.8612501914527648 -0.0005824370732947629
-1.8502282044004739 0.00024115785159836814
-1.8416372257771345 0.00013564789282180528
-1.820456278104434 0.00011063427281781546
-1.810577624881386 0.00029596046789130367
-1.7840673863828715 -0.0075595918745908946
-1.7705700509189517 0.018177285908079755
-1.7519402223814602 -0.0022820561858530376
-1.7495502735099664 0.004338489143160422
-1.7438142739308515 0.0031080891527062505
-1.7354767686535217 -0.00020543831430621618
-1.711697659448408 -0.00014983689986156672
-1.7044871329266726 0.0009659909958993729
-1.6865311052840553 -0.0011571389818805747
-1.6770255066402342 -0.002313441162014806
-1.6439690453707625 0.00043753219488901565
-1.6324176712560818 -0.0025802860243718095
-1.6256974149101153 0.0013341917188564236
-1.6190618423366308 0.00012279799158575397
-1.604543685530629 0.000787627545193784
-1.5986648081811583 -0.001063473252776612
-1.5786342795861865 -0.0014599560086605056
-1.5545596697280624 0.00005572434821842524
-1.5438009538145896 -0.0019371474449150208
-1.5319882393497373 -0.000024469506826131867
-1.521418185480819 -0.0007341142811977867
-1.5054044605289756 0.00026346553564683613
-1.4894243205531763 -0.002377833150606975
-1.4808337901146593 0.0016448452099036349
-1.4576255170982853 0.000659797575516641
-1.444883699489587 0.00005501922195171505
-1.43997166623637 -0.002386206308120925
-1.4088069101675833 -0.0007501890778202644
-1.4056460445216872 0.0002681327421748436
-1.4008724052818229 -0.001247728006834503
-1.3923478976025436 -0.0004105704173792883
-1.3797791826978927 0.012638849799026526
-1.3766416350145734 -0.0026116652248369546
-1.3695269421742142 -0.023723804655540765
-1.3402186192542411 -0.0011256741576509206
-1.3278599723388758 0.0011351760513193692
-1.325765340909211 0.011195615837474145
-1.312956596814189 -0.002631931821084027
-1.3025303015581715 -0.0011956452420169587
-1.2919234246284554 0.003461544334477459
-1.2880479246188465 -0.001390255574801698
-1.2782118361192463 0.002253618239528144
-1.2642791230175203 0.0015212296957061993
-1.2442386250530526 -0.001331700277498733
-1.227603726778731 0.0007073834735838396
-1.2233234152082266 -0.001135794749753622
-1.2105023482206485 6.881287436960543e-6
-1.2037867604727173 -0.0007079669561219024
-1.1924566712033702 0.0006168113345035236
-1.177909023700258 -0.0017565148302893072
-1.1701186906474905 -0.0008840087816894621
-1.157738379116044 0.0026771694697905655
-1.1439151218538113 -0.002067666459891953
-1.1292461471867148 -0.0003880931953187489
-1.1249707722516018 0.0014617413732392435
-1.113080954260389 -0.001757163315216767
-1.0985834806342276 0.0010567985719061996
-1.0920123503090526 -0.0028054418337109008
-1.0820556282579765 -0.00026558926281268513
-1.070860167995259 -0.0028729905370981803
-1.0683736320671033 -0.011804762706657564
-1.056266699354424 -0.015588591564400399
-1.0555169623131446 -0.00451257837420094
-1.0377090500183794 -0.012324380508922168
-1.0290525098586303 -0.00039343002935856983
-1.0228023004928681 0.007368813020950282
-1.0143739107864975 -0.006967960285158271
-1.0101083864288098 0.012568972994359745
-0.9998536873987116 0.0009876121998314742
-0.9894696515215483 -0.004064864214161844
-0.979742006292816 -0.00033417268906313
-0.9727429979953155 0.001195194238951974
-0.9669713171360416 -0.00023624089540808714
-0.9487764665479228 0.010683111262842533
-0.9446440885556588 -0.00034997868267419525
-0.9299206934964301 -0.0017471014675695558
-0.9246277589904617 0.005793209216053703
-0.9145842638611751 -0.003752530594092406
-0.9110074271728403 0.000782935854271845
-0.8984046307248379 0.0008101512438764756
-0.8946793249682551 0.00008373273866551957
-0.8898864473890853 0.0006811518427649509
-0.8800374037569552 0.00035519399605874917
-0.868077137847599 0.00014188782222700704
-0.8617216678974027 0.0042843021839471356
-0.8492698101843749 0.00200865809532699
-0.8387683407090927 0.00013087085107205075
-0.8321259867108516 0.0028476597900862093
-0.8255084315020784 0.0022714874394114087
-0.8166772394690288 -0.0028253588578076518
-0.8096563137336505 0.0001482468261052686
-0.80842760231614 -0.0019145331480606039
-0.8009306696803159 0.0012514954585600535
-0.7986467462316386 -0.016121746744246008
-0.7866953656964889 -0.01995462983872565
-0.7799802696007453 -0.014103688708115587
-0.777448478154486 0.0038847028502770283
-0.7655419632529474 -0.004812982543320308
-0.7583405244273975 0.009528811446761858
-0.7513560820878857 0.0027215632486290034
-0.7443693031796229 -0.0021034789544553158
-0.7315782719226407 0.0016815734810093318
-0.7301148528528765 0.012662470206715834
-0.7208743157951851 0.0024556668089865978
-0.7169634438799205 0.004365021671412669
-0.7047992747041897 0.013665769830673193
-0.6961983498999436 0.0014787059666787601
-0.6934186149240077 0.009482858439862614
-0.6913403052218008 -0.0013090125906665602
-0.684706041653274 0.0028667095979591065
-0.676997881585325 -0.0008920087509865156
-0.6661355894000923 -0.0008307710661983919
-0.6570780841767506 0.003553332173524057
-0.6500398461404318 -0.005964136494499561
-0.6499052544494215 0.0005884883412354093
-0.6444821508545243 0.007183124892198257
-0.6325762467087959 0.004716060859169435
-0.627479366850229 0.0016065722122756798
-0.6248836706514692 -0.004060466238923329
-0.6239775031996279 -0.0008478074454676982
-0.615842149197841 0.0004159383013350885
-0.6078349929294614 0.0011229978157433866
-0.6031699247367626 -0.000822899653229419
-0.5924668655942354 -0.0034977361572947614
-0.5869250607234466 0.0026225674986156255
-0.581959571219861 -0.012808209099610932
-0.5732418788076107 -0.0009461530552485098
-0.5703971969025832 -0.021786852013392477
-0.5679555413328345 0.0086763484960781
-0.5663499374165767 0.004278660944727948
-0.5564179363776388 -0.02523377344019373
-0.5539564071663527 0.006001810462996191
-0.548191963457709 0.005005119603591618
-0.5414745975952704 0.007133684626543882
-0.5343846268696062 0.005839426910873335
-0.5296734053733585 -0.0063392503695949625
-0.5198413827074955 0.0038791778099578557
-0.5189182725140487 -0.010328467794760094
-0.5163974345692767 0.002457468240433859
-0.5006400790556704 0.00027198557973751465
-0.49801679744061966 -0.017759205498225922
-0.4968901877599569 -0.00207915445702625
-0.49176499569801174 0.008680939718830027
-0.4869552841772683 0.00047307251071131606
-0.4848551376984413 0.005788846047970804
-0.4782791302091832 0.0037168373003074414
-0.46766163705681624 -0.0002441798537992614
-0.4662039721281385 0.0035537222689655166
-0.4631098790628011 0.003745550817886999
-0.45797726584763415 -0.006485588244555225
-0.4517423270377755 -0.00011883182598813824
-0.4458404065038594 -0.025257324914481592
-0.4422497764424806 -0.013942879149849317
-0.4407136267982594 -0.0018412278343854325
-0.43422199162170655 -0.0003143071379599183
-0.43195437686735133 0.0024372755271548975
-0.4233952889777156 -0.00042533749236777624
-0.4189530421719571 -0.0009819871406007384
-0.41772117807546416 0.005138723783088112
-0.4114880650634235 0.0020282699461398154
-0.40590069544297186 -0.0070346251616679725
-0.4031304027239429 0.005012108726783939
-0.39974701829999987 0.004155949845496813
-0.3960576968803318 -0.04014460427082885
-0.3897439956838464 -0.008051613950043763
-0.38781295474485095 -0.021602866131089922
-0.38231139298426287 -0.0009409102321473997
-0.38094602347110884 -0.014434871981264228
-0.3778686037805041 0.0007236137348241279
-0.3691031531777703 0.0012172204789437692
-0.365479281982482 0.0014068224893252562
-0.36153254940980484 -0.005442814949088178
-0.3586948704519992 -0.02996743356213513
-0.3547789348169087 0.0003481698560788459
-0.3531426484496781 0.00032026394710187446
-0.3477264605378475 0.00556883023014405
-0.34363194394613866 0.0012388234150939044
-0.3420252490042503 -0.0034000443876084523
-0.33187173327869807 -0.0016854824493883476
-0.32764059877810314 0.010490434566203312
-0.32531817562060955 -0.0021676962371845196
-0.32305010001149437 0.012945711598936508
-0.3216518234127866 -0.011095030620836166
-0.3150796111643676 0.005054852752171666
-0.3148667602456677 -0.000125999122977909
-0.3101729084534578 -0.022522349461138343
-0.30501386759466514 -0.005771259008860792
-0.30216396695886344 0.0023845275308823064
-0.29922611360256934 0.00010298322656373842
-0.297866175983013 -0.0015977987687802143
-0.2912508493365124 -0.012974327155746805
-0.2887746060748607 -0.012288655484787305
-0.28823970447543784 0.04585412536574157
-0.2821197374480665 0.002020900776334638
-0.2794283997926717 -0.002909742217744245
-0.27439973031672915 0.002019770655140096
-0.2706891717095021 0.00004480366297022996
-0.2677566577848925 -0.0011465655788965425
-0.26283990339714974 -0.003968412020328478
-0.26076637088063326 0.032505266732874356
-0.2589762550783448 0.005806933803077697
-0.25844037231171674 -0.008966924619547997
-0.25414665041121437 -0.014684425998777237
-0.2513978386881105 -0.001643900962834733
-0.24986408112793562 0.002376430560917183
-0.24788316151329914 0.0005693357396941596
-0.24535033786225546 -0.0021957728836760186
-0.2418130882170174 -0.001449192561686292
-0.2383753935977037 0.009859793725771646
-0.2350321518709234 0.005854916834740697
-0.23172355003650938 0.01816012912261311
-0.23043406618483497 -0.017755122996003153
-0.2252194191342107 0.004510909312781284
-0.22358611579529844 -0.0011415418207177566
-0.22003377788595593 0.0019084757087302535
-0.21522723291283102 0.005088952826618113
-0.21391821273264477 -0.0020550413074931213
-0.21055543243694627 -0.0015580446265911162
-0.20602382482454726 -0.0020870769443160353
-0.20379757609690424 -0.0035379354121037074
-0.20227040205904145 0.00349101802394799
-0.2005811791008125 0.05246420534973671
-0.19771901948748227 0.003504612715350478
-0.1948422606625141 -0.021203548936108534
-0.19320756362406222 0.008193159115302733
-0.19295328994696856 -0.0015397727537146114
-0.1908741579884578 0.01708131275342484
-0.18586394871457165 -0.003654047923588974
-0.1849525923986886 -0.04029284795400097
-0.18194803501885282 -0.0020083752972890052
-0.18052450269969686 -0.010687530094604157
-0.17922419994573463 0.002556592683312911
-0.17466465300219036 0.007312855105578484
-0.17161475544127075 0.012598344297516353
-0.16953708351231112 0.0008523514304623275
-0.16745739530865558 0.004574312110511712
-0.16519205925997255 0.01056698515755738
-0.16376564591334747 -0.0406851312290115
-0.16159486368669743 -0.009351825869559762
-0.1600519325800991 -0.0037761190325175356
-0.1561645388654593 -0.00026131651660797996
-0.15526659533277687 -0.0004632279160941233
-0.15437778896866558 0.002608523692106115
-0.15036448788615756 -0.011836014945917466
-0.14791760316126215 -0.024604215068881063
-0.14663503632719851 0.0009594069552330425
-0.1454313898626126 0.0010315316284635245
-0.14267450320383002 -0.0006470003678297713
-0.13910900719748928 0.0011091465544965297
-0.13901855474870642 -0.0015419136648269923
-0.13668362254987168 0.003205544757320089
-0.1353745223967396 0.002168765780404885
-0.13329371521306754 -0.007156095811440601
-0.13105370471279862 0.0024374458307939773
-0.12896754616419906 -0.024313028324994924
-0.12765222212916924 -0.014543822377148179
-0.12651935882595539 -0.00424460508689958
-0.12454681676751014 -0.07461235367892391
-0.12247085061455916 0.0032201285875207613
-0.12081674050887903 -0.008488334725219978
-0.1203170429076118 0.0008825316616685473
-0.11780391846168448 0.016557931833884612
-0.11514628094903853 -0.01790429317819099
-0.11348664763742247 -0.04132853432790309
-0.11179904805300638 0.00008379542608004477
-0.11077299804020647 -0.0035418180637495837
-0.10804227408238914 -0.009713516273376735
-0.10626218897453153 -0.005807242922740015
-0.10479803857773812 -0.0057286376363107515
-0.10384458777313345 0.004325703361076466
-0.10197772733121149 0.05238215599964404
-0.10145744996038761 0.012539352690189721
-0.09927690814536615 0.0029768409760917865
-0.0979630424808544 -0.012963863676274546
-0.09784941300745842 0.038269326499654636
-0.09434762490327765 -0.0003768591560417603
-0.09270716254315182 -0.0004286092735312758
-0.09201675610752141 -0.00047948029561305206
-0.0908353911013659 0.007913720979933125
-0.08904918809617283 -0.0013004734295875048
-0.08679472986816159 -0.0003448250480914677
-0.08464306720150586 0.006312820174148276
-0.08435709744269307 0.006923918512587501
-0.08362432241709021 -0.008025396029243943
-0.08219166761529943 -0.028377439815225083
-0.08058495154024463 -0.0006356403345223719
-0.078548286750953 0.015270083230073818
-0.07798056979962616 0.0020457749516833977
-0.07703229186698936 0.0018899014237377786
-0.07572117965610771 0.024738971787724523
-0.07512711646407197 0.0063868635191484105
-0.07389539796229616 -0.0500524839997957
-0.07358605805367797 0.03495519996677932
-0.0718139832667633 0.023009139823800772
-0.07008060764638059 -0.009552091350081894
-0.06886026535242391 -0.0027461488526650873
-0.0681012274753582 -0.034654605356479525
-0.06716800832756521 0.012667124615597599
-0.06500712598053321 -0.0006261750620600654
-0.06407466727141889 0.00750437605893901
-0.06183045560732534 0.040757497390460896
-0.06166662457129998 -0.012117996715102351
-0.05973871440921098 -0.035779870956016764
-0.05961270123253618 0.0038751837706483983
-0.0587781311323152 0.051585338048722104
-0.05728901557840791 0.006524409597027433
-0.05578348393894489 0.014336888345418556
-0.05471676408438392 -0.006435778629316653
-0.05454086140310438 -0.03167681565988409
-0.053108815503080165 -0.010535495873329775
-0.05206768142175201 0.02143797093238157
-0.05102509243400415 -0.007219024758686553
-0.050330932775962095 0.003582740634470307
-0.050065462137430745 -0.006772641979984604
-0.04873468804905188 0.004481790371208631
-0.047672347760453454 0.0019059969952933968
-0.04661870830263456 0.0114688623458988
-0.046139013115302295 0.001973599287339095
-0.045576613502639966 0.01138340782874854
-0.04424219319566797 -0.011050311364125915
-0.04295427535784381 0.035380340082531686
-0.04266913324648862 -0.010620551583604837
-0.0415200411107225 0.033678004553297364
-0.0411260198140492 0.013887397985549466
-0.040384730494496486 0.06395229494098927
-0.03935806357995038 -0.02990676969085924
-0.03881967296802714 -0.023281674251317178
-0.03734215057606113 -0.007211854147174522
-0.0358862429454033 0.002805704415632784
-0.03511200887498224 0.0065351871942139865
-0.034699473989664616 0.03619782414646444
-0.03377808394836172 0.04001762054755024
-0.03304901789532964 -0.043714093008319695
-0.032400060888517664 0.006348866393322451
-0.031871464942227014 -0.035466075667501026
-0.03141991453971431 -0.013108229246758415
-0.031101126452193158 0.03776225384866608
-0.03069665794282409 -0.01786892817266013
-0.030152601500891035 -0.05160147376673537
-0.02960127966495015 -0.02232990605611298
-0.029092008624867688 -0.03322694468349042
-0.02814787279744699 -0.020936613710753844
-0.027883718384573455 -0.006043658629930507
-0.027208863475217004 -0.003397501668773572
-0.025819093579203374 -0.0013236603978522003
-0.02517935284979946 0.003765599811241093
-0.024483149072595137 -0.006539805399066066
-0.02284220235548516 0.00016001246767083238
-0.022592613461960825 0.009219857546865069
-0.022186544019164214 -0.0234629892763102
-0.021239063674313982 0.0031754215975627444
-0.020493868375938033 0.00641844200968128
-0.02010977748946389 -0.001697230931389037
-0.019257644482605564 0.034751626875065424
-0.019130298277659618 -0.18305736203135953
-0.01869951017042854 -0.015457434532474683
-0.01822267139169002 0.013417944297666205
-0.01773450596841733 0.0045479012839437
-0.017632384473156307 0.04285124689815136
-0.01728652472327192 -0.03297344270074788
-0.01703450834495885 -0.032475868563857355
-0.016970103014125226 -0.011620764034106805
-0.01644529340461862 -0.00019829630266188282
-0.01552871115612013 0.21362197534191738
-0.014874019403694563 -0.012458224762474638
-0.014660374132121548 -0.007572516245198707
-0.013289966676469013 -0.0011800185216870773
-0.012648397784610505 0.000530671897848436
-0.011802467461912661 0.002791821391338462
-0.011068035722471573 -0.002252678909895664
-0.010570396837488297 0.018143701555444636
-0.00994770004733545 0.01366333072331066
-0.009673409966254083 -0.1036053372202458
-0.009510344144231927 -0.0004803107151340975
-0.008840513743572897 -0.02969858726377545
-0.008513352067325645 0.06274278454744169
-0.008360953052198842 0.003738889668316654
-0.007903781302052736 0.366692649123083
-0.007708947472173068 -0.03917089467419764
-0.007433818706311235 0.05022261203869532
-0.007201122965393302 0.004119152139585739
-0.006202078456865691 -0.009799996362992107
-0.005411287572509406 0.026680412271712892
-0.005103306744247985 -0.02847656841385504
-0.0045574158190262145 -0.008446448171210994
-0.003907298044073779 -0.0026561161574426787
-0.003439788893889826 -0.016591823987200882
-0.0030635205866930163 -0.0035841902340050264
-0.0028214877973214807 0.10615096363632058
-0.002524022289808726 -0.38710985269098136
-0.002442008701949893 -0.338870269235601
-0.0021462801735104313 -0.5683697596324313
-0.001963157929381152 0.41103531433858237
-0.0016792082731702026 -0.05614503280864676
