198
-0.0031525246270649146
-76.90147457203551 -3.0217964283305434e-6
-61.19617088945686 3.7082835966985463e-6
-53.44046774044292 -7.226309473691159e-7
-48.02839385634995 -5.501206164042442e-6
-43.03111634571968 -2.913808440102672e-7
-39.67499295918098 7.714802352927655e-6
-36.80627888461298 -7.484439927986e-6
-33.69551543953509 6.299115749642897e-6
-31.595195896125283 -4.683954403210215e-7
-30.67699760971612 -0.00002253543465434314
-27.955902115847106 -8.635741404978094e-6
-26.546676468026636 -0.0000589184725084507
-24.936121423776328 0.00008527205913902016
-24.18542565939483 -0.000015206642291512815
-23.303296385448096 -0.000166565867435643
-21.710210615376344 -9.289515310988202e-6
-20.83604436987292 -0.00019458017006100266
-19.77839966551991 0.0001193237106129973
-19.393285359364647 0.0004294483891593368
-18.622636888660917 -0.000049863471292499635
-17.81854230353146 0.0005280306734615176
-16.95299149271431 0.00023463465836244302
-16.493294109132243 -0.00033363930241876494
-15.657741052763445 -0.0006676390591752633
-15.507636983740824 -0.000030369655790528096
-14.87115479536608 -0.0011960268088088556
-14.405761750763734 0.0005847806017811463
-13.900269132182062 0.0011423936526382761
-12.953562769549338 -0.00012604183221506218
-12.909239517607618 -0.001033628246309866
-12.641946434550475 0.000813822078848976
-12.097480990599527 -0.0014170513212462916
-12.00513078176065 0.00029142961832799287
-11.170987612857296 0.003420974982122313
-10.95692618356713 0.0006418763956264408
-10.738770695045824 0.0018536386015696917
-10.283481130103535 0.001497672839573499
-9.856125936922245 -0.0016072227845856054
-9.774420057675659 -0.001430171949882868
-9.578141786413344 0.0010681862943548361
-9.088562451439568 0.0034256572292414543
-9.040817490397272 0.0009915260504641124
-8.479151108406882 -5.133504708325142e-6
-8.290260276643991 0.00748809304119968
-7.996059421917579 0.0008444349237702466
-7.8655921409527245 -0.002690045603720914
-7.713879727555916 0.0010587356454790848
-7.369543096285837 -0.0028024259415190306
-7.303525085905158 -0.0035371175505997604
-7.036584064421589 0.006725593017210796
-6.816876696024704 -0.00029941488469067273
-6.488579820797563 -0.0006090553160925491
-6.434742551285172 0.0017116649213212425
-6.237542818159424 -0.0022276270264261814
-5.982723639205074 -0.0063459837643855595
-5.74606112653985 -0.006041999168102437
-5.703408048692718 0.008801992534267156
-5.5333496851350485 -0.0017184281095726027
-5.428997003560944 0.0016913986721767977
-5.198385189535406 0.0005628463290356918
-5.0974188236084865 -0.0019589543219099602
-4.973980854135913 0.006760523475568518
-4.779299701416795 -0.0031740264303158506
-4.578465636875699 0.010034878001900558
-4.4690492889727595 -0.000926654985024107
-4.366152562595867 -0.005090276464316262
-4.258382711589184 0.0016477290569375238
-4.142275256719305 -0.006093208952506694
-4.072876265965024 -0.004544360247348591
-3.9707266080036687 0.0013190834692890332
-3.7888204609864746 0.004722883646243402
-3.6555897312262227 -0.01026525219774867
-3.532007686033908 0.0035764289519029167
-3.480265206676309 0.0011941423010421858
-3.3163415252183834 -0.01327468146180485
-3.2741867896616155 -0.0017056862903278515
-3.184457019772247 0.013865783843900595
-3.1534916817470897 0.0009104845007108402
-2.961038226738435 0.003796845067439107
-2.9403171965990125 0.0016245019112103316
-2.8304245842154527 -0.0027882509047984596
-2.701350128375757 0.0008088773444086914
-2.634583635506795 -0.007545269965393061
-2.557210378202168 0.0046993068458068945
-2.467769264768163 0.0021741577340635733
-2.3755035676919616 -0.007369887741108474
-2.3254209840797504 -0.005337749690614266
-2.282218157123104 0.020442548089817873
-2.235136858899008 -0.01654808371233695
-2.140827711376438 0.008794089312746996
-2.0776488356187435 -0.0005483001905945047
-2.0266672350261525 -0.0047459752004614586
-1.8954151576475666 -0.004418025163255183
-1.8264363862238977 -0.0031694942590973912
-1.799737884404759 -0.0006058480761683176
-1.775790775671104 -0.001069799096286908
-1.7129757640712957 0.00031395766570565186
-1.622359392895653 -0.010752186195607106
-1.5992261627451034 0.01633609073196159
-1.5670672607235083 -0.0131651495668478
-1.5477192013672287 -0.005885263195140343
-1.4180414849722376 -0.007978909169563982
-1.3949870146860859 -0.005451654572930716
-1.364955217276169 0.013193091630569097
-1.3458990533536566 0.014569082715343039
-1.3023402894211915 0.012297699401383855
-1.241395981492874 -0.0006590996596608292
-1.1836224038506005 -0.004270395157042849
-1.1716054557389168 0.006644707409536864
-1.1189353242883782 -0.002772689422609239
-1.0889959416350954 0.013327549520061693
-1.0751350516854448 0.009700544709757735
-1.0333379464609787 -0.010071984159788695
-0.982209947105106 0.0025514563884201065
-0.9514037031363338 -0.00005518239541946625
-0.9039159674967144 0.001783340641158044
-0.8859163739182776 0.032875263453021455
-0.8659954485476451 -0.012888429704048073
-0.8352237588205705 -0.0008591565669581487
-0.7922697866331461 -0.0031208202440434537
-0.777446574670124 -0.006244317237999657
-0.7541760499892316 0.048350187992682356
-0.7230092234712256 -0.0028337282739385656
-0.706932780900934 0.00695809750481171
-0.6861692262992997 0.0015224234960908797
-0.6474079014766243 -0.0023125290821554173
-0.6208237976307285 0.004526832672586921
-0.602505614146265 0.01701971348432055
-0.5783615394676488 -0.004883286623735103
-0.5702828387457213 -0.005172275732489694
-0.5300841658815308 -0.004554311741092189
-0.5145562081557203 0.00034134982804197983
-0.49734636574422103 -0.02862655667786807
-0.4801178461539593 -0.00018504306499455916
-0.4625366507266964 -0.004008503436769208
-0.43897794936946916 -0.002133568738842656
-0.4243286970264936 -0.08099693429018334
-0.421281525246054 -0.0325497706695773
-0.4014968120941881 -0.0026315586653585777
-0.38079124920219687 0.005664745668661179
-0.3540574007822 -0.004763104955490627
-0.34328173213726626 -0.007355418337170089
-0.3367484078888739 -0.005974623118443126
-0.3229987892490243 0.009534296882651925
-0.3109400694767709 0.0006085936304666397
-0.299318625131334 -0.0017894878019677637
-0.2798873043892766 0.0017676792151533425
-0.2748950408685535 -0.0020329886441986353
-0.2578719853995768 -0.00578841883033711
-0.23903178315182794 0.009938021781929261
-0.231048690510017 -0.016482460864698595
-0.21968003452240828 0.09058148823402454
-0.21257669633379392 0.0027832383993590375
-0.20282306863888294 0.00038519625212509503
-0.19661874510144428 0.06462343338387724
-0.1881934704150241 -0.0024074270292660555
-0.17949672438018568 0.03678297671474414
-0.16858730462856306 0.0058804174125032535
-0.16659042211825337 0.013628392147024566
-0.15588471917322458 0.0018520636234357463
-0.143759558960761 0.019589134620104153
-0.1390300004540581 -0.0009155501091516934
-0.12641645322419526 -0.006544350203244778
-0.1229886164290177 0.012118580849220855
-0.11588240517499356 0.03208871402491422
-0.10895420130039557 0.011983835349025349
-0.10501821189581648 0.01700869091479669
-0.09801582773291405 -0.026583697915112545
-0.09474443004497347 0.005966799784402626
-0.09040819879675106 0.05453904474187721
-0.08312628222408555 -0.036125372725175756
-0.07584616374430028 -0.15224261885246296
-0.07260999037097456 -0.0032431557693102893
-0.06980633039629731 0.017340278707662176
-0.062038760226172746 0.032098037744882346
-0.06038866592078819 7.254342493233193e-7
-0.056877307510796074 -0.018962617927332386
-0.05363356297647368 -0.01003118532487409
-0.05200611048092473 -0.005204843381526743
-0.0492106729578119 0.0010873873251082589
-0.04464431638870648 0.012677311025890288
-0.03762079167344267 0.008357008862462245
-0.03500665929649784 0.03283985744000805
-0.031320813457850254 0.1003562677624088
-0.029166080837651008 0.06781829893178558
-0.026473376880395177 0.0013496754958467506
-0.025350695937242623 0.01886659177490101
-0.02469357940161351 0.10561446016602635
-0.02403729194711447 0.000785315790742747
-0.021504689586671864 0.032853538929647486
-0.01824358140854931 -0.16996637804041578
-0.015318963719871504 0.18733492636635246
-0.012455380593241111 -0.013439762720707243
-0.009059585404248253 0.028390324798334313
-0.0077689691644105725 -0.06889890755933059
-0.006706289371033645 0.08733107113815267
-0.005924279177997136 0.04909616509522156
-0.0057350763892027095 0.11376629254769328
