48
0.011547804294947865
-30.636269375719603 -0.000011878127833595689
-21.13128472212754 -0.0006733396863720254
-18.26918886055369 -0.001227531172625354
-14.160963277332186 -0.000292820978680476
-13.369826934433009 -0.005205247716945141
-11.243123095526482 0.005920438653457027
-9.624878279875212 -0.002574705244340332
-8.62142781223786 -0.00036474514538499157
-8.075728087309695 0.01974356894726417
-6.475639623525028 0.0026328266633511266
-6.317211937215521 0.019868545391987805
-5.620423869129757 0.004565987574177087
-4.749989954481883 0.015553960925328887
-4.28785944965079 -0.009466437726476273
-3.9626214940750613 -0.03814142108574279
-3.486031643693317 0.016379381454322006
-2.927957911451817 0.0023086701391935795
-2.7696402461801886 0.0006967333338629404
-2.3439167689602876 0.0586393510261723
-2.248487532286778 -0.0008680868007803831
-1.8030986943308447 0.036030548851223955
-1.7702843339604837 -0.01904292707053519
-1.6764333245315457 0.01083021726005162
-1.347557014152367 -0.006370995110714408
-1.2166018308683488 -0.051622589257893904
-1.0848802045388513 0.0021273575343046212
-0.9366668832293218 -0.08178499227220919
-0.8735346903561486 0.005893798913956431
-0.7383714462517489 0.0174251562066841
-0.6619924821999006 0.02336971559352869
-0.6066543730235356 -0.01921824413314853
-0.4713487171250126 0.04057295094054677
-0.3903166031784771 -0.12917953700056461
-0.3629086970308222 0.03566756927322526
-0.3468927042304547 0.03210998131115772
-0.29335280937373287 -0.06663302205147863
-0.22788161284757552 0.010274446279984186
-0.17925345221257785 -0.023934588838020954
-0.15839797216185614 -0.06980947960222667
-0.14716803607892 -0.057030391144679324
-0.09412685178369819 -0.052581842117229306
-0.08797936012584812 -0.27929414405225056
-0.07480832797584315 0.053203526032179385
-0.056583465227307526 0.15757150937608805
-0.04523592818481314 0.015754257178320467
-0.02684603214651508 -0.03928399765075382
-0.02047513315966905 -0.1454449773475191
-0.016252832428901517 -0.07269854897371082
