448
0.0015739965045108528
-126.82781950381313 4.2566761984335176e-7
-107.1812532881477 -4.977218749726815e-7
-94.61370565567094 -1.282691039116748e-7
-89.40608431880298 6.325588629576425e-7
-80.38572719855364 4.045732567019242e-7
-77.04760946324214 6.037453716700804e-7
-70.02991581721496 7.270151771662151e-8
-68.71876700319532 -7.117498007219938e-7
-64.08497120993601 -5.112442386817735e-7
-59.99483342239918 -1.0251728743004143e-7
-58.79900977757177 1.1257364378099632e-6
-56.355973283970904 3.7158128317445696e-7
-52.67399172994415 1.203317615878527e-7
-50.34788416375941 9.089798149649884e-8
-50.17561932098949 -1.188074594186607e-6
-46.703321704406164 1.0546726792360269e-7
-46.5042824821613 2.1457532516729332e-8
-43.74775101367003 1.4051489864698455e-6
-42.496224563349145 1.8724741716411956e-6
-41.98959235830057 -2.9052093386687346e-7
-39.676705572631015 9.215208358810749e-7
-38.364182857929904 -8.075013485891008e-7
-37.43192582010419 9.527495316076994e-7
-36.840101925970565 -1.9979008068965734e-7
-35.68469162513741 -2.1614290005628482e-6
-34.67993742840639 2.0935256299885324e-6
-33.308151164615936 -4.021718691744641e-6
-32.47085156056468 -3.271793702233193e-6
-31.704874646729234 -9.132869654488632e-6
-30.97237128610979 -0.000010683966860307514
-30.65415931382172 7.955197997124653e-6
-29.814932793266728 6.714384980821836e-6
-28.42890294140943 -0.000013959507558711131
-28.19030519007102 0.00001723910212643575
-27.311574213779732 -5.641128251449043e-6
-26.740068809740027 -0.00002453131634341724
-26.582533046659016 0.000017189721706217318
-25.515870690968633 -0.000056228895144422634
-25.33046452659364 8.424358659608875e-6
-25.158164198486528 -0.000012803707489421344
-23.956865979308198 -0.000021895968234944074
-23.422536276879935 0.00006038308245425351
-23.119323587132488 -0.00004601349242096858
-22.624846031047422 -0.000028175530162051396
-22.35113462322871 -0.00007129290862185695
-22.04207616915573 0.00006444877453330189
-21.49679521929036 -0.000049912911703645
-20.98636701201285 -0.0001180579792806217
-20.94174009214996 -0.0000731527582312594
-20.35818143500784 -0.00009412938426202929
-19.881140270006487 -7.662985474511438e-6
-19.392961466697457 0.00010679896664950727
-19.065627219369134 0.000032858105603514556
-19.02879801644413 0.00021934402139833165
-18.706297584727547 0.000014202326177451258
-18.39315548259958 0.0000492635179142711
-18.229428108813988 0.0003608776562858492
-17.53626782458241 -0.00016831732805977552
-17.453973122527366 -0.00006286353287699814
-17.11114229643375 0.00028985315470510936
-16.82102497982117 0.0002654524351658726
-16.486832099583086 0.000040870965473548744
-16.27691243875497 0.00004208407689761814
-16.01961654699382 0.0004089061836928118
-15.924144715200939 -0.0000989869576357476
-15.64790456022777 0.00018039725332498745
-15.45429321436462 -0.00004835542890746772
-15.054277922890796 -0.000882372086066082
-14.665192142031097 -0.00013138897468059009
-14.655139417744442 0.0004953408644742201
-14.480838277910474 -0.0001286347010354781
-14.191422540776168 0.00011980848043964213
-13.877040877614563 -0.0007237349053833199
-13.778274962461335 0.00007843250452163272
-13.614578629731184 0.000298948182345315
-13.383696278196654 -0.0007603711355589003
-13.270208888550961 -0.00002673871019665648
-13.038892328339829 -0.0002605534591478617
-12.884773634099371 -0.0003952156635434585
-12.434172028943067 -0.000780066083022607
-12.282404566482686 -0.000569122841602315
-12.212071583708878 0.0011061215722765019
-12.079735969033031 0.0005084805981763889
-11.983017971091957 -0.0002664283006746835
-11.849653387853646 -0.0003298033043938156
-11.542556004277998 -0.0004113037641950646
-11.49148746359025 -0.0010940782149896125
-11.15534584338961 0.0006291566983596235
-11.07718893278694 0.0009687312257262708
-10.898659685317789 0.00011444732305750185
-10.777251094103269 -0.0012861601860078935
-10.709272315611075 0.0004934132280958512
-10.512842637060139 0.00012341468458320753
-10.239942975391365 -0.0006664148940964404
-10.21383992069203 -1.1959854166385624e-6
-9.963244650013108 -0.00005405739904732967
-9.931694695510547 -0.002692070838385099
-9.796831651065139 0.0006168834981719669
-9.737325688174002 0.0008958386116326003
-9.466164546042693 0.00010134894019664286
-9.386181459237108 -0.002519071333819747
-9.316171716312782 0.0003596977562670684
-9.171922578704379 0.0007554830473416569
-8.94715124978932 -0.0011473246912578209
-8.82564531118931 -0.0006147620808116013
-8.722637078533147 0.0032545111753496127
-8.65168968118012 -0.00016909946472116175
-8.52465156803804 -0.0002555322166501401
-8.507620381481043 -0.00010166362795683541
-8.362655620966176 -0.0010463078364228522
-8.139354744111971 0.0013838370735184359
-8.098815028578048 -0.0016041172134353414
-8.03996611003152 0.0008074553178845671
-7.823668042494149 -0.0019776566820111103
-7.7539341841441765 0.0020658263995021043
-7.6233864757732634 0.00005156753138773018
-7.5123704825741315 0.00020565342996980046
-7.469199865130196 0.0004590478697080066
-7.3810890412577415 0.0028694408930735864
-7.266753931420997 -0.0003878150779835335
-7.197827745045644 0.005111240024661054
-7.06983867977236 -0.0009301945250900256
-6.993732716279036 -0.0009674468364579363
-6.9077742808921165 0.0008874580982308051
-6.835499162099429 -0.0014668261203569226
-6.700884847932379 0.0009291843182211877
-6.554882821211087 -0.000540334306469104
-6.543659701831542 0.0013398165379492183
-6.439088797869646 -0.00016903577744023624
-6.312383014065005 -0.0010293770158852984
-6.245362173192179 0.004029875761625281
-6.203855098488194 0.005917093255278541
-6.147508967115311 0.0003626787334959982
-6.029354340113116 0.00014583347756999784
-5.940366177347101 0.00018877511797938106
-5.880534159027296 -0.0005103326942388572
-5.840209417727426 -0.0006766171664932758
-5.7577281313784665 -0.00004501682167602628
-5.674097265962727 0.003107650636315426
-5.5412338280023254 0.0012662468336733193
-5.503792246886109 -0.00047737836070726867
-5.482994993964978 0.0049073815909073965
-5.319703198845656 -0.00479604320788079
-5.242618443221344 -0.00038911007613434483
-5.209285075072953 0.0015997283485742594
-5.100911560140533 -0.0030029194944149375
-5.075555944707214 0.002338731914984142
-5.005085459875839 -0.0030246617528017824
-4.952125584735675 -0.00003698487212864629
-4.929938842340593 0.0022035540958891963
-4.883793581633053 0.0009955193888285562
-4.766200267666167 -0.0015131851647508918
-4.714506650418429 -0.0026472942011187437
-4.610599275618979 -0.0003268324980372617
-4.5822320003742165 0.0010970539754212012
-4.4864162283884665 0.0003560927144567063
-4.467066056089129 -0.0005357031655251663
-4.363726456778854 0.004072535334279273
-4.296790720909253 -0.004341636633866725
-4.271062996621685 -0.0026304275660210936
-4.1932138954776565 0.005167582301161222
-4.148115866124045 -0.0026969839741393872
-4.100636834987395 -0.005840498347460307
-4.0836612783521815 0.001608480481595311
-4.022628837488156 0.0010834749321152841
-3.9343309351164164 -0.00031623623590038474
-3.8968132776372504 -0.00009993374340551856
-3.8593333606481672 0.00044557469151498315
-3.771479992896126 -0.0006604044403314573
-3.7575471799025455 0.0030559115412591015
-3.695917553791792 0.0023372325225850007
-3.6575942276313342 0.0003220563480691041
-3.5866419877481905 0.0019136164971960917
-3.560624571164627 0.0075500514968481714
-3.4850214814861986 0.0033105471523146826
-3.4810730623747337 0.0010942060434371106
-3.4226816212078663 -0.003712877981181533
-3.354793686857879 0.002660042944443881
-3.3218362991715753 -0.0025456439348775475
-3.2910848514002504 0.00011248413033991501
-3.199100870262072 -0.005922884625358441
-3.177265588516743 0.003637103088459442
-3.157660159831258 -0.0026005140809843177
-3.132886486680486 -0.001978121282607802
-3.0512578215793766 -0.0013449904685678795
-3.0206283386671857 -0.0036174673174987704
-2.978698629770596 0.0031804450324044737
-2.942825705657636 0.0021507581937158546
-2.8884727136712796 -0.0009477182427801811
-2.8796707592229125 -0.0015629415662664473
-2.85214229209369 -0.002018941774163534
-2.7886584758616895 -0.00023669571417098096
-2.7527746863452807 -0.0006225741169089617
-2.7331068340359725 -0.0057209888479644614
-2.659639769934168 -0.005401213510462361
-2.6373166555126124 -0.008856552125870993
-2.599848741842227 -0.0011295713497623578
-2.541780361087351 0.0009059000220383022
-2.5064395836701316 -0.012630381896686376
-2.4746961784322457 0.001988956898330141
-2.465886466787732 0.001026311132857047
-2.4477413336761416 0.0004229293695278233
-2.404850419953346 0.000669962003874941
-2.3734424169707458 -0.004696364349491784
-2.33400912351456 -0.0038569283813498054
-2.304778060698148 -0.0019646204276252952
-2.2841265895946647 0.0014263229204111555
-2.258809225118241 0.001963301838527974
-2.200218828885946 -0.00095004709831899
-2.1481498892525033 0.0008621618277227502
-2.131456262247394 0.0025244553206761984
-2.109697544996013 0.001062427614420888
-2.075001745059435 0.0026297343748847997
-2.025104502403905 0.006488866591821763
-2.011972706578448 0.002333617664237196
-1.9824727267731568 0.0004339473898340509
-1.9669885911718967 0.0012554192197946434
-1.927633895820929 0.01613413797867077
-1.9134294216619308 0.0024031895307510816
-1.8685869258751628 -0.010239590429900039
-1.8534315074611105 -0.00810969875828511
-1.8325397810152153 -0.0017910873108337028
-1.8110338716527166 -0.0009026275927689716
-1.7926727009112167 -0.008133064471983423
-1.7647449146425933 0.0034765627155923387
-1.726005164164973 0.0003718703548361536
-1.6973361169533427 0.000951684000149892
-1.6925500257589643 0.0003794507289827394
-1.658528490777967 0.0014829138269484062
-1.6066170855386674 -0.004649621073835254
-1.580674190074371 0.0007151794938670439
-1.5530757678842313 0.00172921025944223
-1.536040606229952 0.002707733502451421
-1.5321159817978103 -0.001363651768005801
-1.5168954371652443 -0.0004992675364853565
-1.4796854763020393 -0.0018982852575553778
-1.4472322898445762 0.0021666352960469895
-1.4324345990915286 0.00006436456926724605
-1.4214493725494464 0.004525486641669665
-1.3983719674904278 -0.0006330019488490309
-1.377938502832987 0.011792314229518864
-1.3654254783964686 -0.00341571605259762
-1.350180109581182 -0.02679805564547047
-1.3099448011558281 0.0028272694571421985
-1.2896825051834921 0.002214253612481799
-1.2771995841335408 -0.0005380016476693598
-1.261823809795839 0.0018899592051872843
-1.2413140774993439 0.00024057279101898793
-1.2176368963174338 0.001303009236552168
-1.20285638939959 0.0022518565233756527
-1.17891964580724 -0.004641663856623184
-1.1572012563017422 -0.008554691015647275
-1.1411260312843432 -0.003076663932829052
-1.1344959065471343 0.007896288456016616
-1.1116122181238695 0.0009948066760722871
-1.1057341925930837 0.0012280213788936623
-1.0770529815245642 0.003883158843011067
-1.0668520434192899 -0.0004523774595679766
-1.0524886753203329 -0.00039281857634928673
-1.0373461890593367 -0.0014517957022751214
-1.0108838059589207 0.0002847697578452502
-1.007295347373439 -0.0013346821941787232
-0.9815496301077402 0.0035966348887232595
-0.9693074327287374 0.011267337927827274
-0.9518075522313693 0.012178583760865787
-0.9419466041021949 0.004826788847842598
-0.9288565414269868 0.0016471644143841613
-0.9251636366508681 0.002245759883074023
-0.8901443179798793 -0.004775260830744815
-0.8758526768949157 -0.003149914171433153
-0.8636952490385572 -0.006251813578199427
-0.8493108689426739 -0.0023007005190702093
-0.8398121652482826 -0.021952451905266766
-0.8349213061206234 -0.004117464189908128
-0.8174289713605312 -0.00035685855194318337
-0.8126316332648915 0.001242599147069783
-0.7838078808607718 0.003271228493419312
-0.76828216676318 0.004697049085387239
-0.7617041907475728 0.001521251096444856
-0.751785285746641 -0.009658162337530167
-0.7423566426329663 -0.01654210825500689
-0.7312383416454888 -0.006156160671065911
-0.719579082774713 -0.0032865173480733003
-0.70724295008132 -0.0005891101445588621
-0.6966095003046079 -0.00030085522792212827
-0.6914016074795297 -0.0027765440644816263
-0.6683612410640293 -0.0007599260981012792
-0.6569237022831536 -0.0009341263541300633
-0.6452762054856735 -0.002079089457411076
-0.6352886005068228 0.0023124594745079197
-0.6240536498740233 0.015113931553974119
-0.6169680173953989 -0.00007598797286624323
-0.6129301317029845 0.007336482682147837
-0.5895903673922144 -0.0019150163271979804
-0.5808564926599686 -0.00023735241587851874
-0.5733912979597796 -0.0007906941282908477
-0.5610451136191956 0.004845633204432514
-0.5573130699435836 -0.007735767904585764
-0.5475948238967283 0.025386048517626977
-0.5353114603944845 0.0026438728897677202
-0.5252750367320859 0.004635117578306197
-0.5230332991808382 0.00048323360843446087
-0.5020618034402898 0.019055824050741542
-0.49694092361235387 0.000601081831217518
-0.49265091929563626 0.03536905469231478
-0.4916783318092061 0.005734428281287784
-0.4761643576051141 -0.001855167444058146
-0.46665879306927516 0.0015590133694749267
-0.4640580502196959 -0.00039057801788434823
-0.45004012962473333 -0.0004425739247439577
-0.4478411755074089 -0.00032388580541950474
-0.4287394885265978 -0.0022746556609781264
-0.42317051114396487 0.002403538459863485
-0.4167078906660633 -0.00008938173560340808
-0.4142430106160316 -0.008990909401642962
-0.4002118364178876 -0.0015104978592216836
-0.39522323160987377 0.0014439756582890644
-0.3868337527766088 -0.004103502121562904
-0.3828532929655088 0.00038526082015679524
-0.36972406758160015 0.0006841809416470492
-0.363206031479031 -0.005361997589751575
-0.3598075253248059 -0.01819535507649343
-0.35113384929159075 0.0014767523307966702
-0.3486384984638135 0.0007924409389153569
-0.3344981474897095 -0.0004211313830213187
-0.32941370737435327 -0.003123382238235955
-0.3236761573928597 0.004655377599230997
-0.3180414815215439 -0.008598123727576458
-0.31462546051951285 -0.00487883256938886
-0.30800754559601595 -0.04128989920036234
-0.3042512614806994 -0.052861595552658514
-0.2998621434764336 -0.005149850236209666
-0.29278208981859694 0.0014749126051440968
-0.28959344749759725 -0.0005107656566072149
-0.2783593760345463 -0.003434239754323152
-0.27600441268732273 -0.0021055807538301785
-0.2694686053924548 -0.0035128360929141088
-0.25900775334986004 0.0014268256719406367
-0.25283674036016174 -0.009854537578736838
-0.2510159790982891 -0.001407718432523843
-0.23859237580120957 -0.00011295156801736482
-0.2377676044773723 0.002946883166846701
-0.23454174435576594 0.0003903468671909223
-0.2309269331279607 -0.0015887634684321238
-0.22844524399895622 -0.005628807818188134
-0.2234781409132299 0.0007005538112486481
-0.22190853796999443 -0.001077985278993377
-0.2132080528027255 0.0005501973730194298
-0.20947612091413678 -0.0009130090124678669
-0.20433922444078542 0.006065077125061343
-0.19773092497964723 0.0007418521009254185
-0.1951369320425947 -0.006277518316908481
-0.18739840142096476 0.01396745609303234
-0.17982117603728678 -0.0299887180805643
-0.1793785651157508 -0.00890535605289163
-0.17612417294126062 -0.019147286593715732
-0.17369176177918982 -0.04853670924460482
-0.17173615996394834 0.006235229430014227
-0.16673192117131214 0.003810941048519167
-0.16045682845904832 -0.001905421741823476
-0.15859828526146105 0.03410823167781913
-0.15656295450803864 0.01070477526865741
-0.14933271799009337 0.005885429918587885
-0.14786421872736757 0.004495219101272423
-0.14497958482345114 -0.019087072211499797
-0.14159341647596113 -0.0023158204271960066
-0.1357960438912633 0.0038482875361663697
-0.13445644910502125 -0.0009533249002146915
-0.1301006935129804 -0.004448165718376886
-0.12835301899377788 0.0027715310682995364
-0.12409219704106204 0.005545436247431481
-0.12276933653439182 0.00020113413569036278
-0.11954426899203721 0.002725059726952612
-0.11571003672313522 0.005234072816373358
-0.11138835299396165 -0.01067390034118042
-0.10950456118010253 0.00039583749696195245
-0.10749411900296436 -0.004111623730146814
-0.1030649701191914 0.03174019718649384
-0.10040385237549133 -0.00017985981442052227
-0.09813431658122 0.0027925346475277516
-0.09622556060188182 0.03641298790990924
-0.09237468832273447 -0.0012717482416474068
-0.0890281493425461 -0.01831530689160566
-0.08637694677434565 0.029078024793794694
-0.08551113245902572 -0.010495297738120931
-0.08403241468389054 -0.0025692421309958247
-0.08137812073649356 0.040867626698730626
-0.08019686114557777 0.01101811336269385
-0.07723061742519045 -0.04382760698291995
-0.0747712645237132 -0.016590647651035257
-0.07381973854260485 -0.010193085016908805
-0.0724031429701594 -0.02659014226861019
-0.06918547829528669 -0.004143641683957861
-0.06681220835749242 0.019315146254499836
-0.06593967316276794 0.01195279710878846
-0.06175848105212282 0.004263154958704725
-0.05843869781373054 -0.013606445735982374
-0.057232475075603056 -0.001018514246551526
-0.05615245162115038 -0.001849290995944041
-0.055513179406773215 -0.00549773232789976
-0.053324476725867334 -0.004841313937774861
-0.051936737205283 0.0007110973725958982
-0.05111476707453596 -0.010442312872967829
-0.049126573944531585 -0.013142875133400938
-0.04762057843395899 -0.008073400625113638
-0.046747214280598436 0.0031745704091576225
-0.04547349065487074 0.01790753729133596
-0.04280444885691464 -0.006558826465739887
-0.04152665616204756 -0.017023089559889393
-0.03847492479497538 -0.02547473233567116
-0.03689578858074287 0.08056550421385286
-0.034501029203918995 -0.044803929882717836
-0.033445868470409576 -0.030874891369821765
-0.033386251068981194 -0.04499808256364322
-0.03284444579001139 -0.03770847963603364
-0.03101142336809854 0.011354403299183769
-0.02997904460169706 -0.0068098501983092675
-0.02888350848234304 -0.00658528630175878
-0.02877183291924299 -0.00954600792261653
-0.02791373933549949 0.009026842844098578
-0.02712518426322626 -0.01066455325529363
-0.02607247153187628 0.012517581065650969
-0.025231664779815918 0.031517861458178885
-0.024901750279976896 0.02710130940763458
-0.022566344558841277 0.005125780638900721
-0.020790320309867046 0.012185026332703717
-0.019687346638821077 -0.0079397258596456
-0.01739419514233898 0.004168419313311001
-0.016882665373165167 -0.03742837849169001
-0.01582550301182937 -0.06298532821199063
-0.014520309639371443 0.09321106217583267
-0.014242993405989775 0.000888853718487453
-0.013711242888961028 0.005449241191405932
-0.012727196800659108 0.00786345967578033
-0.01261531768745339 -0.01838171309086205
-0.012312403331686117 -0.005914368611818296
-0.012019808863799244 0.004734090876512777
-0.009990963452919508 -0.042954851507219116
-0.008746213177888413 -0.21939628633830344
-0.007836157690474006 0.15887271004057066
-0.006697710615807332 -0.01769302346277447
-0.005487049557995234 -0.024240034820635248
-0.004707996541062454 -0.004465232089963276
-0.004076363499035083 0.020548503841731486
-0.003941927696158036 -0.06152925505780468
-0.00342245997583314 0.02006457302651388
-0.0031293610814830384 0.09790287291205
-0.002833620826264639 0.08218048811412622
