198
1.2711989844942858e-92
-76.90147457203551 2.0091483326545256e-9
-61.19617088945686 -1.4317860905870964e-9
-53.44046774044292 4.089580527513379e-8
-48.02839385634995 -1.4843310601941428e-8
-43.03111634571968 4.346779276400157e-8
-39.67499295918098 -4.6564107804058095e-7
-36.80627888461298 6.395297544604492e-7
-33.69551543953509 -1.3933501519158105e-6
-31.595195896125283 9.733912716083763e-8
-30.67699760971612 5.817303052720611e-6
-27.955902115847106 1.9357878015107874e-6
-26.546676468026636 0.000010851508682505767
-24.936121423776328 -0.00001570584846267076
-24.18542565939483 2.7615680911679776e-6
-23.303296385448096 0.00003203682694780563
-21.710210615376344 2.4546004941932477e-6
-20.83604436987292 0.0000417007373978337
-19.77839966551991 -0.000025873976873516084
-19.393285359364647 -0.00009447302819130694
-18.622636888660917 0.00001127183095050225
-17.81854230353146 -0.00011730605634128353
-16.95299149271431 -0.0000536523382396048
-16.493294109132243 0.00007752898889773634
-15.657741052763445 0.0001531311285644837
-15.507636983740824 5.668611565742183e-6
-14.87115479536608 0.00028095862104208667
-14.405761750763734 -0.00013972474145869507
-13.900269132182062 -0.0002649495688310911
-12.953562769549338 0.000043376895518255565
-12.909239517607618 0.00026203697745072474
-12.641946434550475 -0.00020736117618373097
-12.097480990599527 0.0003681056395009213
-12.00513078176065 -0.00006412125419708271
-11.170987612857296 -0.0009096505231419178
-10.95692618356713 -0.00018254122283163301
-10.738770695045824 -0.00046561603138593977
-10.283481130103535 -0.0003720063963926197
-9.856125936922245 0.0005029738163625176
-9.774420057675659 0.00038742972806202056
-9.578141786413344 -0.0003333229928641159
-9.088562451439568 -0.000998508611690396
-9.040817490397272 -0.00022653792879438002
-8.479151108406882 0.000014641120783598205
-8.290260276643991 -0.002296351396724615
-7.996059421917579 -0.00019723885243403582
-7.8655921409527245 0.0006259043998585321
-7.713879727555916 -0.00018487599275415753
-7.369543096285837 0.000748629021950314
-7.303525085905158 0.0011143611487739733
-7.036584064421589 -0.0024691656435380793
-6.816876696024704 0.000043177422858723904
-6.488579820797563 0.0003534723529235131
-6.434742551285172 -0.0002774384288280303
-6.237542818159424 0.0008654463363637642
-5.982723639205074 0.002073714178218246
-5.74606112653985 0.002376485749606149
-5.703408048692718 -0.0024558999460548995
-5.5333496851350485 0.0011960405555485768
-5.428997003560944 -0.0010989011618470397
-5.198385189535406 0.0003773094653640326
-5.0974188236084865 0.0006464918475794093
-4.973980854135913 -0.001972018936273556
-4.779299701416795 0.0012919277989269515
-4.578465636875699 -0.004727210901720731
-4.4690492889727595 0.000621166197774685
-4.366152562595867 0.0026738771331339117
-4.258382711589184 0.0008138005322935107
-4.142275256719305 0.003076912355909705
-4.072876265965024 0.0011473040682369634
-3.9707266080036687 0.0018439045031145992
-3.7888204609864746 -0.0017804754874235088
-3.6555897312262227 0.002731500591243142
-3.532007686033908 -0.0013996318274370255
-3.480265206676309 -0.0003381584189008909
-3.3163415252183834 0.0081717413252677
-3.2741867896616155 0.004032058238626014
-3.184457019772247 -0.008090161385652548
-3.1534916817470897 -0.0018858368833000508
-2.961038226738435 -0.0009708912061877849
-2.9403171965990125 0.00375200472879972
-2.8304245842154527 0.0003512346754019624
-2.701350128375757 -0.000808624335556549
-2.634583635506795 0.00023018991536739657
-2.557210378202168 -0.0008202284668369682
-2.467769264768163 0.004776937713653616
-2.3755035676919616 0.01101904301816261
-2.3254209840797504 0.0026758182036266498
-2.282218157123104 -0.014478657884088133
-2.235136858899008 0.013804645924795125
-2.140827711376438 0.0005319964993321301
-2.0776488356187435 -0.0013156673060984235
-2.0266672350261525 0.0004598699772005449
-1.8954151576475666 -0.0022233003731809194
-1.8264363862238977 -0.004466829623724241
-1.799737884404759 -0.0014012160469578166
-1.775790775671104 -0.003569741247474874
-1.7129757640712957 -0.02235168094692247
-1.622359392895653 0.009940084398767774
-1.5992261627451034 -0.012054464780350086
-1.5670672607235083 0.014483981750867337
-1.5477192013672287 -0.006623152618717509
-1.4180414849722376 0.010483723206207735
-1.3949870146860859 0.004971002755571277
-1.364955217276169 -0.007632340740476905
-1.3458990533536566 -0.008384571301154524
-1.3023402894211915 0.0014391924657155986
-1.241395981492874 -0.0034379665114737095
-1.1836224038506005 -0.005149664900986351
-1.1716054557389168 0.03405959369878431
-1.1189353242883782 -0.015561334072343306
-1.0889959416350954 -0.003331204007157829
-1.0751350516854448 -0.020591103614206744
-1.0333379464609787 0.024110604206685513
-0.982209947105106 -0.004793983375569534
-0.9514037031363338 0.0008295370638182199
-0.9039159674967144 -0.010215720014905052
-0.8859163739182776 -0.028934284002360873
-0.8659954485476451 0.015253000941410766
-0.8352237588205705 -0.0015957835200609467
-0.7922697866331461 0.00010974890092347267
-0.777446574670124 0.019635582060723196
-0.7541760499892316 0.008396649941919099
-0.7230092234712256 -0.00877842021163611
-0.706932780900934 0.08017926432259165
-0.6861692262992997 -0.0022011638047318097
-0.6474079014766243 0.00386156214603052
-0.6208237976307285 -0.0017201283733457814
-0.602505614146265 -0.04455012262548897
-0.5783615394676488 -0.002506887997787342
-0.5702828387457213 0.012783185359752374
-0.5300841658815308 0.01002799895663626
-0.5145562081557203 0.005831157736535608
-0.49734636574422103 0.06674774847197648
-0.4801178461539593 0.0030383290288929043
-0.4625366507266964 0.017888840215014926
-0.43897794936946916 0.017162962287801356
-0.4243286970264936 0.017185240470920776
-0.421281525246054 -0.06532338873669677
-0.4014968120941881 -0.025570241717997298
-0.38079124920219687 0.02147997206227353
-0.3540574007822 -0.022966118627788516
-0.34328173213726626 0.005847627654181971
-0.3367484078888739 0.02757619090003397
-0.3229987892490243 -0.0296968275321247
-0.3109400694767709 0.0029926887853713095
-0.299318625131334 0.023106978040336096
-0.2798873043892766 -0.06049114609557641
-0.2748950408685535 0.05641555722991218
-0.2578719853995768 0.02885308665586606
-0.23903178315182794 0.02760082099483159
-0.231048690510017 0.08360003684063834
-0.21968003452240828 -0.02350127955832054
-0.21257669633379392 -0.001133357252699303
-0.20282306863888294 0.00283024258752484
-0.19661874510144428 0.017700530645383624
-0.1881934704150241 0.01956425704011314
-0.17949672438018568 0.014424296206447895
-0.16858730462856306 0.04584059758608159
-0.16659042211825337 -0.05294078892520727
-0.15588471917322458 0.0014491672254498705
-0.143759558960761 0.12360758335985216
-0.1390300004540581 -0.01695804406425828
-0.12641645322419526 -0.033415998282958506
-0.1229886164290177 0.07133932496307001
-0.11588240517499356 -0.08849206222774636
-0.10895420130039557 -0.026965944823977912
-0.10501821189581648 -0.025336356639274606
-0.09801582773291405 0.028338608616544456
-0.09474443004497347 0.019859857064509816
-0.09040819879675106 -0.0034121385448646576
-0.08312628222408555 -0.05217150393545155
-0.07584616374430028 0.07218890142204709
-0.07260999037097456 -0.009530848618080616
-0.06980633039629731 0.14420527566159816
-0.062038760226172746 0.05028157492000929
-0.06038866592078819 0.003416948694912187
-0.056877307510796074 -0.09346359012167416
-0.05363356297647368 -0.06379253878649696
-0.05200611048092473 -0.08336309254785682
-0.0492106729578119 -0.12968941332473874
-0.04464431638870648 0.01005545029757896
-0.03762079167344267 0.006306851249374683
-0.03500665929649784 0.050707487616335124
-0.031320813457850254 -0.02854999646846787
-0.029166080837651008 -0.03346746230978058
-0.026473376880395177 0.04792213456048774
-0.025350695937242623 0.06815410248052245
-0.02469357940161351 -0.33983277538288253
-0.02403729194711447 -0.09849564055646247
-0.021504689586671864 0.012738462605273778
-0.01824358140854931 -0.0523158158666461
-0.015318963719871504 0.15695719271569347
-0.012455380593241111 -0.08715107900749584
-0.009059585404248253 0.065379317627245
-0.0077689691644105725 0.20035790490641772
-0.006706289371033645 -0.27846438480015806
-0.005924279177997136 -0.17322898593724742
-0.0057350763892027095 0.8031144291574064
