0.4923988231145076 -0.07887967036247862
1.1669215345898132e-8
-1.6670512893554228e-8
-1.2755918984799032e-8
1.363531182243559e-8
1.9024760765970408e-8
1.731126443327662e-8
1.2786235345474906e-8
-2.3891700681154055e-8
1.036962902796364e-8
-3.7521550970164655e-9
1.0698429759811545e-7
6.282004123360347e-8
-1.5959953738499184e-7
5.7890151710590964e-8
4.4835189419708773e-7
-9.095872943341912e-7
-1.3160683952002822e-7
1.8719113242425653e-6
3.1771863880184204e-6
-1.0216517036580593e-8
3.3951490080493403e-6
-4.897204411577141e-6
8.452356877021798e-6
1.2469604031041776e-6
-0.000014593632103456599
9.65545047898424e-6
-0.00001677782335452839
-0.000012668373419706403
-0.00003213129688559358
-0.00003885179438654143
0.000030771056828671645
0.000024574799088337782
-0.000056048346122002956
0.00006891933941494517
-0.00002295580446609534
-0.00010337642747406977
0.00007017214832159672
-0.00022536926032495097
0.00003213406662417602
-0.000051707356683181795
-0.0000841601716424286
0.00022767879409240136
-0.00017198414862859101
-0.00010252553513797041
-0.00026180666596270307
0.00023733509453978735
-0.00018044079610301668
-0.000429308203909515
-0.00026639272667239734
-0.00034077964056325146
-0.00002746839947312058
0.0003845963483662986
0.00011564515037230347
0.0007897399841024096
0.00005001536750084537
0.00017175803930966985
0.0012841313137533304
-0.0005929876986394911
-0.00022022552107690856
0.0010045264067659679
0.0009165611675911618
0.0001400146312372973
0.00014371810415883315
0.0013864480177529952
-0.0003361516548614007
0.0006066894246035606
-0.00016440140689538148
-0.0029312637268784146
-0.0004366523874472789
0.0016342221095573407
-0.0004192189283597949
0.0003907535730304924
-0.002347263532133496
0.0002564603957043186
0.0009637833613849876
-0.00244330462741847
-0.00009735751479137048
-0.0008345175672596847
-0.0012799519311971702
-0.0024482324411085527
-0.0017829674130523988
0.003491937436624399
0.0016077125256117957
-0.0008197196607595383
-0.00103798531330947
-0.0012651567845434664
-0.0033688457372592537
0.0019014185667923904
0.002939757314594685
0.00037402222518111676
-0.0038855820722791127
0.0014890148944024448
0.00040710997609892343
-0.0019645943340976355
-0.00003380772937823099
-0.00013619783213690608
-0.007941136882749278
0.001770024389837169
0.0026751706288609144
0.0002857099951216717
-0.007271038106314168
0.0010311224931462638
0.0021115523364085174
-0.0032803723532972852
-0.0018156847998579656
0.009136453585178861
-0.0005369263724893992
-0.0007446371441330233
-0.00028356415467644167
-0.002759810782966731
0.0038516196499805045
-0.004463385022210674
0.002306175851435957
-0.005639902978506018
0.00559905059649716
0.00013097441197935125
0.0005255451217741853
0.0011186174563823693
0.0075979156388754346
-0.000982878577776848
0.013617520832212024
-0.002641131265236684
-0.0026414330339270447
0.0023369685646410167
-0.0038988128578440395
0.002242142840212989
-0.00100033281900113
0.003368923878408344
-0.0002634322313000984
-0.002431401816928696
0.010364279650688733
0.01525900288332413
0.000950524885102541
0.00047730531524883943
0.0004791007625211395
-0.0014832058224527492
-0.0019043961001430042
0.0000944121676766317
0.007722085290059484
0.003158627744282048
-0.0018050621501754193
0.011785805622992945
-0.011053366465730737
-0.0011244545944041002
0.003516565080185631
-0.0071066385629420655
0.005725361338980743
-0.008041776821084501
-0.0003016714088176003
0.0050167080256184595
0.0026226259789976897
-0.004020253219578486
-0.006343445983304946
-0.0006122826204329715
0.001310067478579422
0.0009647965502193137
-0.0011844671447397625
0.008899499406258744
-0.009878291795136827
-0.005811034301985073
0.011683710574828745
-0.005468094762470046
-0.013587275979355383
0.004797231694765466
0.0026158557233064077
-0.001823302238292925
0.00036550438205473047
0.000903511671879318
-0.0006823257519468901
0.004937057986537494
0.004921214057380835
0.00015235109512721048
0.0042251013576733165
0.016271935737213312
0.007647126070127209
0.0025726003402920263
-0.006980871049536278
0.006353934803741783
-0.00467058732058982
0.0004445016962998829
-0.013166524949231451
0.00815404642010191
-0.007628003228818043
-0.004958842769171897
-0.0019452153248168543
-0.005298223855596158
0.004840881993037834
0.003937610439010911
-0.0005061072397540228
-0.002873758635368502
-0.0035683885974411014
0.0005655576498435193
-0.00033388061100714174
-0.011398257731789414
-0.008887224564534434
-0.0170925696635471
-0.0023109091219788826
0.0020203354849103418
-0.028706250731050705
0.007141550428195069
0.001850947184731487
-0.00010229762058917048
0.001702622987933473
-0.00769198356819761
-0.00563348564415259
-0.004027290797651752
0.0014664190283943596
0.0013473141093220426
0.0001364154938767522
0.0023623531784221106
0.0035069939168215344
0.0015955434117549269
0.00326712762096741
0.008757085497791958
0.0032590860912771664
0.0011771996250175823
0.0006988794255241655
0.03483882124927105
0.008326463539525195
-0.019274280051433272
-0.013120659402885204
-0.0019263855274619433
-0.0011170648590018391
-0.013222784125533207
0.002466768565959676
0.0014050623116915154
0.0006181894565429873
-0.0003970819045105482
0.0017729367179675332
-0.004347882916477883
0.0011178975034209953
0.00047845296373803965
0.001194088320598814
-0.0007291621277761936
-0.00001809042253155431
-0.0039851852388689355
0.013722152854501622
0.0004920796269791594
0.011190868195804173
-0.00032740706849343655
0.021382317296562283
-0.006494933068477578
-0.03790018071069714
0.003138395748096265
0.0021500914924496455
-0.0003737397899108975
0.0007904705556754208
0.00011040114833220871
-0.001210112433164212
0.0047363736178901855
-0.005435480807781697
-0.01125264763304301
-0.003063389832287835
0.007319407011152338
0.00042086697933217475
0.000693828712900951
-0.004510315204487451
-0.0020034075842775816
0.0007248924327148048
-0.014780936370456492
-0.0005410995124487312
-0.0029703462478116826
0.006592480844042121
0.016258962716844138
0.013515684674204316
0.007428921560954927
0.004253249251638466
0.004510512345056132
-0.0073528031659625915
-0.004524780605423494
-0.008286074440328065
-0.0018370439487760623
-0.02308823256351715
-0.003899548913182397
-0.0006511970443211148
-0.0002856913012725981
0.004008459939331379
0.0026946439464682463
-0.0005575012195602539
-0.00439308055426189
-0.006865188519954704
-0.013578762751366017
-0.0052166003928057324
-0.0003598388090790459
0.000037668427683560685
-0.01107605079626204
-0.003922734953042309
-0.000828305947668744
-0.0018545086899567798
0.0022778940819113947
0.018815958491569668
0.0015022714898908628
0.00876024046052348
-0.0031147444698346742
-0.0020254072295415454
-0.0003513742569458326
0.003991138421623441
-0.008203780245550284
0.02542743426419521
0.002651706454445544
0.004072085020700835
0.0008872179797300524
0.008420353484522967
-0.0020491188365346284
0.021618992674539476
0.0042240498259152265
0.007439016169317398
-0.00261889336470031
-0.0016441816684877137
0.001539393920760337
-0.0005537526841777096
-0.0030944553406202775
0.002493185834200971
0.000905130078537261
-0.012600797271316718
-0.0003963972858889135
-0.0016750428867187705
-0.0021944695871806887
3.5916446413618115e-6
0.0004303238399812936
-0.005566376253000188
-0.01955597209489957
0.0013500673684839455
0.0007757715155459061
-0.0014210019297247545
-0.003272171754969668
0.004497771940167685
-0.010801093328554714
-0.0022654440442262816
-0.024527808548994223
-0.02608685438024107
-0.0027907023778269906
-0.00034964670286065223
-0.0008561760103668679
-0.0007519466461958284
0.006683755047452775
-0.0011483499248964395
0.00006280078571483038
-0.0007265262503268846
0.0003329075737780437
9.3248026478265e-6
0.004340898938392678
0.0005397662229312503
-0.0022952130473133077
-0.003930328526538279
0.0022690584643215287
-0.0019014279101913088
0.003052976522876669
-0.0017791955975990606
0.0011244604968437956
0.0012436912230365325
-0.006198495753028207
0.006496519184048974
-0.01972984291169699
-0.0055319525755027354
-0.009495680158852512
-0.020766707743532332
0.002636750893849449
0.001214579325584125
-0.0005784024895703777
0.009607241425154298
0.0032956298326388793
0.0007050950130944028
0.0009627127863492098
-0.003480216650759374
-0.0028845662028221543
-0.0008873339399755744
0.00009061434016341366
-0.0036657486697319196
-0.0011446684156206902
0.0017360500084387304
-0.001089788635248545
-9.957623556766363e-6
0.002705369695532334
-0.0004839306285827307
-0.00018804941202331743
-0.0020754799914497286
0.019154231965961974
-0.00010397189249249893
0.0010965567353327021
0.014205328831397782
-0.0002496009489706751
-0.007183593505923469
0.008536178402722677
-0.0031881515112101126
-0.0005857831123033558
0.0102219621918602
0.002183878367284782
-0.008687587249422406
-0.002715857454188218
-0.0015378354672131226
-0.0015758507308945334
0.0008087734971084622
0.004730444283946479
0.003958502255873211
0.001157003722315128
-0.0006748316468308413
-0.002224065501104788
-0.0013203743019936651
-0.0044024058107269975
-0.0037709986115563926
0.0008343241776238246
-0.005421435798493949
-0.005267379789222349
-0.0028551906603853554
0.0012416574141414008
0.005093235878203232
-0.0017663438940470249
-0.003222668825145977
-0.0051048494335469595
0.015180704933225654
-0.007736003105963908
-0.004441101522721695
-0.005275268724802249
-0.0007990520362580343
0.0025953838744025215
-0.0010375552094586545
-0.0004996639511308351
-0.0002906627990289057
0.00017755983465988573
-0.0002561725886543354
-0.00027494745552092366
-0.0009454403737571136
-0.001701485112987519
0.00030630506924103694
0.0018151951624852663
-0.0013155906864595944
0.0008079763108317643
-0.005220264055959212
-0.00951058365815775
0.01329201803395153
0.0001284683938160917
0.000825821148908505
-0.001365435807123946
-0.0024592441229691286
-8.390855073491943e-6
0.000854921481273693
-0.0026030242940048793
-0.009087548337037935
0.006367112313476272
0.0005945537477589461
-0.0009171419767152892
-0.0025821737174266963
-0.0019089312936973872
-0.013984149274821708
0.004393522353544597
0.008767806121251562
0.005195178464877083
