448
-0.7187189070735259
-126.82781950381313 0.00012608986708250364
-107.1812532881477 -0.00012566671518532492
-94.61370565567094 -0.00003544567651781201
-89.40608431880298 0.00015074417145430582
-80.38572719855364 0.00009583712835978349
-77.04760946324214 0.00013760956608294649
-70.02991581721496 0.000020336355529292475
-68.71876700319532 -0.00013997940844207916
-64.08497120993601 -0.00010421939786580049
-59.99483342239918 -0.00003796102870639006
-58.79900977757177 0.00017624007975442724
-56.355973283970904 0.00008666064332827597
-52.67399172994415 0.00002479952261662256
-50.34788416375941 0.00002464279128510126
-50.17561932098949 -0.00018171915332584632
-46.703321704406164 0.000018599065413266972
-46.5042824821613 8.72317582222464e-6
-43.74775101367003 0.00023888051871804496
-42.496224563349145 0.00028056403247880466
-41.98959235830057 -0.0000756442183658902
-39.676705572631015 0.00020613769414207155
-38.364182857929904 -0.0001726144784360316
-37.43192582010419 0.000173141680095515
-36.840101925970565 -0.00004435954794046068
-35.68469162513741 -0.00033092181809409743
-34.67993742840639 0.0004414222670904365
-33.308151164615936 -0.0008324669021870678
-32.47085156056468 -0.0009049719336877442
-31.704874646729234 -0.0014017360145137624
-30.97237128610979 -0.0018509109596542275
-30.65415931382172 0.0014119249480462788
-29.814932793266728 0.0015296402724110177
-28.42890294140943 -0.002697372158534867
-28.19030519007102 0.0029523315971441938
-27.311574213779732 -0.0018469341485481056
-26.740068809740027 -0.003280871890038205
-26.582533046659016 0.004062198826635686
-25.515870690968633 -0.006406315516523927
-25.33046452659364 0.0019487900615320834
-25.158164198486528 -0.0037942145163411094
-23.956865979308198 -0.005451896661846855
-23.422536276879935 0.009097394364882706
-23.119323587132488 -0.010068470969796309
-22.624846031047422 -0.005360947654042916
-22.35113462322871 -0.012137166131037245
-22.04207616915573 0.012446771556673574
-21.49679521929036 -0.010038788921330994
-20.98636701201285 -0.01795022499146213
-20.94174009214996 -0.014442639597782678
-20.35818143500784 -0.015991082367984823
-19.881140270006487 -0.0023257135513408307
-19.392961466697457 0.022967445125585708
-19.065627219369134 0.008263224215277231
-19.02879801644413 0.027128356586471235
-18.706297584727547 0.005352486312518884
-18.39315548259958 0.010455107359322422
-18.229428108813988 0.035101731013063756
-17.53626782458241 -0.02900516806579611
-17.453973122527366 -0.01856331396961936
-17.11114229643375 0.03787692651362401
-16.82102497982117 0.03907031406649573
-16.486832099583086 0.02119469920936069
-16.27691243875497 0.014934596043162413
-16.01961654699382 0.0517354370446247
-15.924144715200939 -0.020941820448112627
-15.64790456022777 0.04680063273501041
-15.45429321436462 -0.008791442208246826
-15.054277922890796 -0.07254501004632985
-14.665192142031097 -0.026940838349084312
-14.655139417744442 0.07021224849459223
-14.480838277910474 -0.026391519631032756
-14.191422540776168 0.038767539392945624
-13.877040877614563 -0.08617084045255853
-13.778274962461335 0.029131998718264197
-13.614578629731184 0.06694355313315481
-13.383696278196654 -0.08484044205113327
-13.270208888550961 -0.005888298872100018
-13.038892328339829 -0.07076653248576582
-12.884773634099371 -0.058051834575908005
-12.434172028943067 -0.10610923214532174
-12.282404566482686 -0.09218538376137297
-12.212071583708878 0.11212924384606995
-12.079735969033031 0.0851849706520965
-11.983017971091957 -0.06442623529260501
-11.849653387853646 -0.07300582890907116
-11.542556004277998 -0.08697049954734494
-11.49148746359025 -0.13369936020590623
-11.15534584338961 0.10137328075029213
-11.07718893278694 0.12615409820274862
-10.898659685317789 0.021570609021332395
-10.777251094103269 -0.15511863226279482
-10.709272315611075 0.11870544175755807
-10.512842637060139 0.022738082292887155
-10.239942975391365 -0.14445173997133928
-10.21383992069203 -0.0002429766327428717
-9.963244650013108 -0.012564488404188829
-9.931694695510547 -0.19143594426949317
-9.796831651065139 0.11367741139906536
-9.737325688174002 0.11705509530192575
-9.466164546042693 0.03253131292476022
-9.386181459237108 -0.2046872653354183
-9.316171716312782 0.09292110899468804
-9.171922578704379 0.11911486013318712
-8.94715124978932 -0.17673824642469546
-8.82564531118931 -0.10690485635838438
-8.722637078533147 0.2220214961191376
-8.65168968118012 -0.04335630787334815
-8.52465156803804 -0.07909785887882358
-8.507620381481043 -0.027883752292101778
-8.362655620966176 -0.12125517778359264
-8.139354744111971 0.2141435619598337
-8.098815028578048 -0.21309431980025764
-8.03996611003152 0.15138393143602252
-7.823668042494149 -0.17459066311969387
-7.7539341841441765 0.22626239526448658
-7.6233864757732634 0.02017036408243946
-7.5123704825741315 0.045868618960383065
-7.469199865130196 0.07838501968339096
-7.3810890412577415 0.2575995626467616
-7.266753931420997 -0.100334490216032
-7.197827745045644 0.28924118377753877
-7.06983867977236 -0.15190149356920743
-6.993732716279036 -0.1976054502236968
-6.9077742808921165 0.16543998013267586
-6.835499162099429 -0.2371782020957996
-6.700884847932379 0.1411128407005112
-6.554882821211087 -0.06232997050926342
-6.543659701831542 0.23508041191519766
-6.439088797869646 -0.03186422855781231
-6.312383014065005 -0.15986526492917535
-6.245362173192179 0.3119688324571474
-6.203855098488194 0.31323019112452144
-6.147508967115311 0.08437819268246877
-6.029354340113116 0.045493167940941374
-5.940366177347101 0.047078690701338806
-5.880534159027296 -0.08349642690208273
-5.840209417727426 -0.12640484210599998
-5.7577281313784665 -0.008495577643016996
-5.674097265962727 0.33650356178935514
-5.5412338280023254 0.23965550552539303
-5.503792246886109 -0.05254282189678906
-5.482994993964978 0.3511526393068994
-5.319703198845656 -0.3391711158988594
-5.242618443221344 -0.0844831784747933
-5.209285075072953 0.23148238885969405
-5.100911560140533 -0.3161021218429438
-5.075555944707214 0.3038020631937447
-5.005085459875839 -0.21760538360632808
-4.952125584735675 -0.0077404811195150814
-4.929938842340593 0.2826110070749536
-4.883793581633053 0.15000851812791796
-4.766200267666167 -0.21191713699861886
-4.714506650418429 -0.31636790758337435
-4.610599275618979 -0.06442143130461046
-4.5822320003742165 0.0927120078069601
-4.4864162283884665 0.11336512643724216
-4.467066056089129 -0.14539222554448616
-4.363726456778854 0.3500944458805126
-4.296790720909253 -0.37877782274869226
-4.271062996621685 -0.3563964031837694
-4.1932138954776565 0.39258566732771544
-4.148115866124045 -0.2781246439733824
-4.100636834987395 -0.3750309974494597
-4.0836612783521815 0.1419896451584694
-4.022628837488156 0.17783315733515065
-3.9343309351164164 -0.031363034776055496
-3.8968132776372504 -0.017267741052937487
-3.8593333606481672 0.11182036620018611
-3.771479992896126 -0.09089030837420682
-3.7575471799025455 0.2305980651795976
-3.695917553791792 0.36921777046655074
-3.6575942276313342 0.05126117586284461
-3.5866419877481905 0.22435478974704265
-3.560624571164627 0.43190087627414
-3.4850214814861986 0.3008729123924236
-3.4810730623747337 0.20948566885916725
-3.4226816212078663 -0.35156359434111256
-3.354793686857879 0.2786450531042799
-3.3218362991715753 -0.35135548152777824
-3.2910848514002504 0.02796735049211102
-3.199100870262072 -0.38138529843151814
-3.177265588516743 0.33537794226522405
-3.157660159831258 -0.1736874102277186
-3.132886486680486 -0.21573940814154727
-3.0512578215793766 -0.1452951662747452
-3.0206283386671857 -0.2953158408227935
-2.978698629770596 0.2623528025987443
-2.942825705657636 0.3154271401948718
-2.8884727136712796 -0.10422275979702816
-2.8796707592229125 -0.30134767872441676
-2.85214229209369 -0.20448280534839286
-2.7886584758616895 -0.03533626933130075
-2.7527746863452807 -0.09171245444096067
-2.7331068340359725 -0.4406600839497468
-2.659639769934168 -0.41888713398119
-2.6373166555126124 -0.48319657360093843
-2.599848741842227 -0.17930632129444385
-2.541780361087351 0.16192731957072531
-2.5064395836701316 -0.3616438414108295
-2.4746961784322457 0.1153587351493231
-2.465886466787732 0.19070431000267155
-2.4477413336761416 0.04552051634245758
-2.404850419953346 0.10591666705066172
-2.3734424169707458 -0.36445519359468326
-2.33400912351456 -0.34676051558929943
-2.304778060698148 -0.2759506430983376
-2.2841265895946647 0.12098707780054992
-2.258809225118241 0.1746656021859826
-2.200218828885946 -0.10091820409443089
-2.1481498892525033 0.12032750265551957
-2.131456262247394 0.3261871939773921
-2.109697544996013 0.17102164663792657
-2.075001745059435 0.3050242141167755
-2.025104502403905 0.418768474868192
-2.011972706578448 0.3430896874529898
-1.9824727267731568 0.07012371933490026
-1.9669885911718967 0.12104771680727326
-1.927633895820929 0.3434853372305535
-1.9134294216619308 0.12229769805558748
-1.8685869258751628 -0.4320965957325647
-1.8534315074611105 -0.4906956780171929
-1.8325397810152153 -0.15043128533929298
-1.8110338716527166 -0.17178044663497716
-1.7926727009112167 -0.46526037426080274
-1.7647449146425933 0.22673216336975513
-1.726005164164973 0.04501719745058196
-1.6973361169533427 0.15756394644132338
-1.6925500257589643 0.04899318617847329
-1.658528490777967 0.21974560093828452
-1.6066170855386674 -0.3073004887572548
-1.580674190074371 0.08519749661479634
-1.5530757678842313 0.14874515115724857
-1.536040606229952 0.2095853916373446
-1.5321159817978103 -0.1853433786874478
-1.5168954371652443 -0.07124805291391303
-1.4796854763020393 -0.12345748541961944
-1.4472322898445762 0.049340788428122756
-1.4324345990915286 0.007709857580917106
-1.4214493725494464 0.20716776005891543
-1.3983719674904278 -0.0833354647306421
-1.377938502832987 0.3953173906784941
-1.3654254783964686 -0.21680034388891914
-1.350180109581182 -0.5776991669793948
-1.3099448011558281 0.3098050610061378
-1.2896825051834921 0.22545339579990212
-1.2771995841335408 -0.11615807990142626
-1.261823809795839 0.154125872037721
-1.2413140774993439 0.03736242072252342
-1.2176368963174338 0.08232755497827239
-1.20285638939959 0.1975372427373376
-1.17891964580724 -0.35728470190403233
-1.1572012563017422 -0.42457065262299054
-1.1411260312843432 -0.2840009010349906
-1.1344959065471343 0.34095206215105567
-1.1116122181238695 0.12475566243694279
-1.1057341925930837 0.14613318045463736
-1.0770529815245642 0.09582295265368548
-1.0668520434192899 -0.021937944529761694
-1.0524886753203329 -0.040865664878240705
-1.0373461890593367 -0.02649443003933181
-1.0108838059589207 0.03921774557386392
-1.007295347373439 -0.13537153129838853
-0.9815496301077402 0.22787933153791673
-0.9693074327287374 0.4102476652552817
-0.9518075522313693 0.44689935280650994
-0.9419466041021949 0.3007143765206688
-0.9288565414269868 0.1136069385766601
-0.9251636366508681 0.18129587069733002
-0.8901443179798793 -0.3231498312375311
-0.8758526768949157 -0.31336380488121185
-0.8636952490385572 -0.3904013161014394
-0.8493108689426739 -0.13924008092438633
-0.8398121652482826 -0.5431776786888342
-0.8349213061206234 -0.2965870577008524
-0.8174289713605312 -0.05910473870406414
-0.8126316332648915 0.06017862387725377
-0.7838078808607718 0.21589358061531702
-0.76828216676318 0.22410827807003467
-0.7617041907475728 0.09918200569479942
-0.751785285746641 -0.2837982617427116
-0.7423566426329663 -0.3010374462931681
-0.7312383416454888 -0.14264070984885557
-0.719579082774713 -0.1690803502803328
-0.70724295008132 -0.07196868233257393
-0.6966095003046079 -0.039352021819163925
-0.6914016074795297 -0.06679709105330169
-0.6683612410640293 -0.0358489759917837
-0.6569237022831536 -0.11923212765319843
-0.6452762054856735 -0.19400657240251354
-0.6352886005068228 0.17309465701899227
-0.6240536498740233 0.3711429469689194
-0.6169680173953989 -0.005039526266330459
-0.6129301317029845 0.318973721864025
-0.5895903673922144 -0.14626068802335465
-0.5808564926599686 -0.010785011373299973
-0.5733912979597796 -0.08122167108132541
-0.5610451136191956 0.18578975799280678
-0.5573130699435836 -0.27232565258114516
-0.5475948238967283 0.4840113713544217
-0.5353114603944845 0.23944102901029932
-0.5252750367320859 0.29184494357068164
-0.5230332991808382 0.04984609648489326
-0.5020618034402898 0.30612989033356786
-0.49694092361235387 0.028806103329324956
-0.49265091929563626 0.4898947008515476
-0.4916783318092061 0.33286221486816514
-0.4761643576051141 -0.031469176084326554
-0.46665879306927516 0.05507587469376708
-0.4640580502196959 -0.02845201836211746
-0.45004012962473333 -0.022269089271109384
-0.4478411755074089 -0.02883521451607684
-0.4287394885265978 -0.13334409108622247
-0.42317051114396487 0.17691694433873312
-0.4167078906660633 -0.007470912065761827
-0.4142430106160316 -0.18558206070618358
-0.4002118364178876 -0.08913890797940917
-0.39522323160987377 0.05474527302769188
-0.3868337527766088 -0.10985056154071417
-0.3828532929655088 0.03007891333965632
-0.36972406758160015 0.0607835423407764
-0.363206031479031 -0.1489200974809124
-0.3598075253248059 -0.25979468648611664
-0.35113384929159075 0.08039509550746671
-0.3486384984638135 0.03641514783199163
-0.3344981474897095 -0.026732729422435063
-0.32941370737435327 -0.17128292626578295
-0.3236761573928597 0.19274981386355655
-0.3180414815215439 -0.1598362858502099
-0.31462546051951285 -0.21122919589322575
-0.30800754559601595 -0.5711838763291662
-0.3042512614806994 -0.505234219750383
-0.2998621434764336 -0.29745071643304455
-0.29278208981859694 0.06746622609991224
-0.28959344749759725 -0.03903931152361659
-0.2783593760345463 -0.19876499044176962
-0.27600441268732273 -0.029345370504295212
-0.2694686053924548 -0.14845782612079708
-0.25900775334986004 0.10210114310973516
-0.25283674036016174 -0.16205480377024112
-0.2510159790982891 -0.0650282775045952
-0.23859237580120957 -0.02366948524794547
-0.2377676044773723 0.08759210331946796
-0.23454174435576594 0.031940930316622554
-0.2309269331279607 -0.06640644367470716
-0.22844524399895622 -0.06922911774853688
-0.2234781409132299 0.026407358624113766
-0.22190853796999443 -0.046365363466306285
-0.2132080528027255 0.014238545346083127
-0.20947612091413678 -0.041163588327000664
-0.20433922444078542 0.07561485103125538
-0.19773092497964723 0.03860393593411829
-0.1951369320425947 -0.14530238435714996
-0.18739840142096476 0.34159922548911326
-0.17982117603728678 -0.3353341800201895
-0.1793785651157508 -0.30249335887108725
-0.17612417294126062 -0.4092135452454672
-0.17369176177918982 -0.5520296992243565
-0.17173615996394834 0.41113186071446484
-0.16673192117131214 0.21947323646442296
-0.16045682845904832 -0.14807618015957133
-0.15859828526146105 0.4243844456768874
-0.15656295450803864 0.42548032089316995
-0.14933271799009337 0.2282063276572743
-0.14786421872736757 0.17131628935207682
-0.14497958482345114 -0.2904244165619295
-0.14159341647596113 -0.03412262434750969
-0.1357960438912633 0.09665990695244589
-0.13445644910502125 -0.04058821530397477
-0.1301006935129804 -0.05307242890328352
-0.12835301899377788 0.0412080399713657
-0.12409219704106204 0.11825907007262718
-0.12276933653439182 0.007178517524797007
-0.11954426899203721 0.09867995131697747
-0.11571003672313522 0.14139177349711932
-0.11138835299396165 -0.12579947485557416
-0.10950456118010253 0.03726140442921217
-0.10749411900296436 -0.1252624677843562
-0.1030649701191914 0.21779532271113036
-0.10040385237549133 -0.018234525750303564
-0.09813431658122 0.10341753091139795
-0.09622556060188182 0.41630892543020415
-0.09237468832273447 -0.10776526425767385
-0.0890281493425461 -0.2962044988786257
-0.08637694677434565 0.5244532068111747
-0.08551113245902572 -0.4036339108708874
-0.08403241468389054 -0.18127173539744051
-0.08137812073649356 0.5376965141144374
-0.08019686114557777 0.25799836477338184
-0.07723061742519045 -0.47098008314033757
-0.0747712645237132 -0.3848535216204291
-0.07381973854260485 -0.149969568612922
-0.0724031429701594 -0.17289833650587894
-0.06918547829528669 -0.07544422120496941
-0.06681220835749242 0.21154930806464797
-0.06593967316276794 0.17185374591961153
-0.06175848105212282 0.17092453495480106
-0.05843869781373054 -0.1409788094001462
-0.057232475075603056 -0.019552269612186753
-0.05615245162115038 -0.06705077054666513
-0.055513179406773215 -0.07316722135291785
-0.053324476725867334 -0.06818265577452971
-0.051936737205283 0.01995777175242583
-0.05111476707453596 -0.12039472345930988
-0.049126573944531585 -0.17968266265579624
-0.04762057843395899 -0.1917627882270331
-0.046747214280598436 0.07546193662317321
-0.04547349065487074 0.2712187400988545
-0.04280444885691464 -0.1683137328235029
-0.04152665616204756 -0.2698840628682123
-0.03847492479497538 -0.4821997955249723
-0.03689578858074287 0.5373958066490507
-0.034501029203918995 -0.5562135038524921
-0.033445868470409576 -0.4378977875924333
-0.033386251068981194 -0.3926212920510596
-0.03284444579001139 -0.16962722440828715
-0.03101142336809854 0.17838408797349722
-0.02997904460169706 -0.1683829931543027
-0.02888350848234304 -0.11985585818075221
-0.02877183291924299 -0.10253347800661974
-0.02791373933549949 0.12160904008282528
-0.02712518426322626 -0.11624103088697203
-0.02607247153187628 0.1364590307651965
-0.025231664779815918 0.16523019075130987
-0.024901750279976896 0.13747984455804285
-0.022566344558841277 0.13314717732651019
-0.020790320309867046 0.31719358303153405
-0.019687346638821077 -0.18409796979901638
-0.01739419514233898 0.07698363963084799
-0.016882665373165167 -0.41478407618477486
-0.01582550301182937 -0.35847055028961006
-0.014520309639371443 0.3484987168979003
-0.014242993405989775 0.017089279010940966
-0.013711242888961028 0.04538204636774085
-0.012727196800659108 0.02308356442857836
-0.01261531768745339 -0.12628310519312516
-0.012312403331686117 -0.020316366997775323
-0.012019808863799244 0.052646554130814996
-0.009990963452919508 -0.33914890789545926
-0.008746213177888413 -0.5472796583758962
-0.007836157690474006 0.48981739485665265
-0.006697710615807332 -0.12773733109584515
-0.005487049557995234 -0.18234887244346243
-0.004707996541062454 -0.01731201530945506
-0.004076363499035083 0.05010972380684661
-0.003941927696158036 -0.05775874516001247
-0.00342245997583314 0.0299752129009521
-0.0031293610814830384 0.09183885619370927
-0.002833620826264639 0.20767615505361608
