198
0.7200228039401412
-76.90147457203551 -0.0004360464650901944
-61.19617088945686 0.00043912368874645264
-53.44046774044292 -0.00010924534706944499
-48.02839385634995 -0.0005241173021528775
-43.03111634571968 -0.000047853434007288466
-39.67499295918098 0.0007062027246505845
-36.80627888461298 -0.0008717481292288294
-33.69551543953509 0.0006722083482728457
-31.595195896125283 -0.00011299337953566697
-30.67699760971612 -0.001497259833060246
-27.955902115847106 -0.0012435119614643195
-26.546676468026636 -0.005126393584328744
-24.936121423776328 0.008268382883565462
-24.18542565939483 -0.002966995233407573
-23.303296385448096 -0.011900497708654366
-21.710210615376344 -0.0013615643763505549
-20.83604436987292 -0.017449140542928118
-19.77839966551991 0.018107748613848174
-19.393285359364647 0.027844083432547434
-18.622636888660917 -0.010472997093624339
-17.81854230353146 0.034781391374448106
-16.95299149271431 0.03220091950087331
-16.493294109132243 -0.03325291133356996
-15.657741052763445 -0.06073247641103633
-15.507636983740824 -0.005636308649822257
-14.87115479536608 -0.07610397754785454
-14.405761750763734 0.06604101496727087
-13.900269132182062 0.07592038077358428
-12.953562769549338 -0.014900441186768042
-12.909239517607618 -0.09412526155789919
-12.641946434550475 0.09300761802053646
-12.097480990599527 -0.11807499100254869
-12.00513078176065 0.040184983782907184
-11.170987612857296 0.15735622389144072
-10.95692618356713 0.08270656935002878
-10.738770695045824 0.13757529166292934
-10.283481130103535 0.13297096212672502
-9.856125936922245 -0.11999140633053486
-9.774420057675659 -0.15874454303555194
-9.578141786413344 0.11203004474521132
-9.088562451439568 0.20253086036716633
-9.040817490397272 0.10646590047693033
-8.479151108406882 -0.0014954158326625634
-8.290260276643991 0.2562347560129502
-7.996059421917579 0.11661214581572418
-7.8655921409527245 -0.18265801498088124
-7.713879727555916 0.09731563713004918
-7.369543096285837 -0.21726105812182558
-7.303525085905158 -0.2378710790946231
-7.036584064421589 0.2692614765754669
-6.816876696024704 -0.06744923960356465
-6.488579820797563 -0.08026879853182761
-6.434742551285172 0.1306753873761298
-6.237542818159424 -0.23765722690532537
-5.982723639205074 -0.33212735234741414
-5.74606112653985 -0.3035802154898088
-5.703408048692718 0.32851717482958676
-5.5333496851350485 -0.13676771501721613
-5.428997003560944 0.14496165738532985
-5.198385189535406 0.05110231466553777
-5.0974188236084865 -0.18230131070079178
-4.973980854135913 0.35092169512006083
-4.779299701416795 -0.29796959713893834
-4.578465636875699 0.3694844833238281
-4.4690492889727595 -0.11209192779413313
-4.366152562595867 -0.3280905501250627
-4.258382711589184 0.10397037717717474
-4.142275256719305 -0.2901548081141616
-4.072876265965024 -0.34779046337525754
-3.9707266080036687 0.06648895503079151
-3.7888204609864746 0.34927654692972127
-3.6555897312262227 -0.4309820213151911
-3.532007686033908 0.35349245286756786
-3.480265206676309 0.13308514391585632
-3.3163415252183834 -0.41458148757165925
-3.2741867896616155 -0.07949479044492729
-3.184457019772247 0.435851038893858
-3.1534916817470897 0.051492020313559254
-2.961038226738435 0.34127010250907397
-2.9403171965990125 0.06994773222690896
-2.8304245842154527 -0.28525774459730474
-2.701350128375757 0.08455604153672508
-2.634583635506795 -0.3592289676647785
-2.557210378202168 0.34288526852593104
-2.467769264768163 0.09132220377186599
-2.3755035676919616 -0.20402375605035353
-2.3254209840797504 -0.3675672421549207
-2.282218157123104 0.4862952783575386
-2.235136858899008 -0.42206667988777063
-2.140827711376438 0.3639650281765894
-2.0776488356187435 -0.050955221264814554
-2.0266672350261525 -0.32433454643988685
-1.8954151576475666 -0.20400853695990717
-1.8264363862238977 -0.1532351449417864
-1.799737884404759 -0.053123873485827734
-1.775790775671104 -0.07177121179836346
-1.7129757640712957 0.005322818096821221
-1.622359392895653 -0.37944000721647214
-1.5992261627451034 0.4735431624664443
-1.5670672607235083 -0.392759458632551
-1.5477192013672287 -0.19603774368531773
-1.4180414849722376 -0.3045890510071167
-1.3949870146860859 -0.36072899127175995
-1.364955217276169 0.46090128019037224
-1.3458990533536566 0.46125721742115194
-1.3023402894211915 0.3478870472500567
-1.241395981492874 -0.043890676085201454
-1.1836224038506005 -0.17105029163684002
-1.1716054557389168 0.09101542910004207
-1.1189353242883782 -0.07673246703870906
-1.0889959416350954 0.3624840893081208
-1.0751350516854448 0.26798878044380936
-1.0333379464609787 -0.24607746434200484
-0.982209947105106 0.1395659705377372
-0.9514037031363338 -0.0031688168132116916
-0.9039159674967144 0.05970479924839376
-0.8859163739182776 0.48237105874341213
-0.8659954485476451 -0.37611604666697296
-0.8352237588205705 -0.049571179838555295
-0.7922697866331461 -0.17277120641743246
-0.777446574670124 -0.1507713068604905
-0.7541760499892316 0.5001886181289598
-0.7230092234712256 -0.11153875022813818
-0.706932780900934 0.05656460397799716
-0.6861692262992997 0.08811343160588875
-0.6474079014766243 -0.12583580206471548
-0.6208237976307285 0.19735902963962976
-0.602505614146265 0.2470547317493588
-0.5783615394676488 -0.10546146045206423
-0.5702828387457213 -0.17899308736990838
-0.5300841658815308 -0.16766942995481082
-0.5145562081557203 0.009716210770639574
-0.49734636574422103 -0.3009384389912148
-0.4801178461539593 -0.010267221771487452
-0.4625366507266964 -0.12475051284557116
-0.43897794936946916 -0.058014845736932844
-0.4243286970264936 -0.586981649349729
-0.421281525246054 -0.2763051332674805
-0.4014968120941881 -0.05252456555361976
-0.38079124920219687 0.11944153162994955
-0.3540574007822 -0.07232805143098374
-0.34328173213726626 -0.21418048582435875
-0.3367484078888739 -0.14814831217637314
-0.3229987892490243 0.16571377315796668
-0.3109400694767709 0.019832561446494326
-0.299318625131334 -0.038349049751387435
-0.2798873043892766 0.022599134794641887
-0.2748950408685535 -0.020913230127072018
-0.2578719853995768 -0.11275134903800398
-0.23903178315182794 0.1731582648328987
-0.231048690510017 -0.14153076700449774
-0.21968003452240828 0.5427170598333213
-0.21257669633379392 0.14597940980171958
-0.20282306863888294 0.022439452976029287
-0.19661874510144428 0.4892900590263741
-0.1881934704150241 -0.08542188200875832
-0.17949672438018568 0.36497588466407554
-0.16858730462856306 0.07285926513680577
-0.16659042211825337 0.15018111861673358
-0.15588471917322458 0.030590591955504308
-0.143759558960761 0.11117542793571256
-0.1390300004540581 -0.01696010746841254
-0.12641645322419526 -0.13093095069236096
-0.1229886164290177 0.11397706217635592
-0.11588240517499356 0.20398934487621462
-0.10895420130039557 0.2438063841443676
-0.10501821189581648 0.24409175976470676
-0.09801582773291405 -0.31016424024276107
-0.09474443004497347 0.1608353786782237
-0.09040819879675106 0.44586318122010793
-0.08312628222408555 -0.3201179628421546
-0.07584616374430028 -0.537152982714151
-0.07260999037097456 -0.18893022786428598
-0.06980633039629731 0.07431436627795261
-0.062038760226172746 0.2409617931863919
-0.06038866592078819 0.00003172651894000863
-0.056877307510796074 -0.12519937790429556
-0.05363356297647368 -0.08390938002327468
-0.05200611048092473 -0.03672556528630568
-0.0492106729578119 0.0048111597411244315
-0.04464431638870648 0.19192089885952482
-0.03762079167344267 0.2617606185739074
-0.03500665929649784 0.28799929215579306
-0.031320813457850254 0.42572270078193525
-0.029166080837651008 0.4320532107043062
-0.026473376880395177 0.013595199936125292
-0.025350695937242623 0.11421960060773964
-0.02469357940161351 0.2511145495654081
-0.02403729194711447 0.0037392656135089375
-0.021504689586671864 0.24640694731457669
-0.01824358140854931 -0.5278635498409089
-0.015318963719871504 0.4011475892106475
-0.012455380593241111 -0.05847420922627189
-0.009059585404248253 0.14228252841311348
-0.0077689691644105725 -0.12042071152708372
-0.006706289371033645 0.10906907604997321
-0.005924279177997136 0.11589286273075927
-0.0057350763892027095 0.11361659062996254
