48
-0.7266365085436408
-30.636269375719603 -0.00046132390373820013
-21.13128472212754 -0.024228499297628374
-18.26918886055369 -0.04092457814489331
-14.160963277332186 -0.022280036391960006
-13.369826934433009 -0.11324839581879484
-11.243123095526482 0.14904467167224617
-9.624878279875212 -0.1437605526999228
-8.62142781223786 -0.015840810993242128
-8.075728087309695 0.30011239502716974
-6.475639623525028 0.14611720930941885
-6.317211937215521 0.32080461786710873
-5.620423869129757 0.16313792909359176
-4.749989954481883 0.35473799307415915
-4.28785944965079 -0.30873203822038314
-3.9626214940750613 -0.4157004613697895
-3.486031643693317 0.3883797725806378
-2.927957911451817 0.03868706909462241
-2.7696402461801886 0.021592143061945065
-2.3439167689602876 0.5328201165903629
-2.248487532286778 -0.019374465851077688
-1.8030986943308447 0.4759121591001557
-1.7702843339604837 -0.3257186671981879
-1.6764333245315457 0.08609555441423176
-1.347557014152367 -0.11516008352277245
-1.2166018308683488 -0.4427244560104509
-1.0848802045388513 0.042200594580785684
-0.9366668832293218 -0.5334367222000583
-0.8735346903561486 0.02801270014364608
-0.7383714462517489 0.30618277915919023
-0.6619924821999006 0.1824819760378701
-0.6066543730235356 -0.18854554675132457
-0.4713487171250126 0.17518237752035995
-0.3903166031784771 -0.541702077516814
-0.3629086970308222 0.18466935789877076
-0.3468927042304547 0.49363705618440507
-0.29335280937373287 -0.30340624793825166
-0.22788161284757552 0.03318446049149052
-0.17925345221257785 -0.10161838579611507
-0.15839797216185614 -0.2562567012878469
-0.14716803607892 -0.5040699519068333
-0.09412685178369819 -0.16452993040179845
-0.08797936012584812 -0.5434634115166693
-0.07480832797584315 0.15612839757242153
-0.056583465227307526 0.2831281057303425
-0.04523592818481314 0.06718647702036797
-0.02684603214651508 -0.14043141421667282
-0.02047513315966905 -0.3072122195255361
-0.016252832428901517 -0.07287349486545415
