0.494770029147414 -0.07880884162549961
-2.3666326782851136e-9
-3.1184707422769907e-9
-3.271064454530357e-9
8.810817399089439e-10
-4.1124601146218534e-9
4.2987863256156315e-10
5.5469400240686164e-9
5.936701829707684e-10
3.98927119898054e-9
-3.735139962911483e-9
-4.2903733973833236e-10
-3.0913619208228733e-9
-5.9975776076016645e-9
-1.227578331644618e-9
2.3124065709754702e-9
-7.402416584922944e-9
1.895075292888607e-10
1.5469346903779642e-9
4.996177721432225e-9
-5.800431216635925e-9
-7.278661859624615e-9
-2.5571395326651986e-10
-6.868797723628847e-11
-2.483984296975979e-10
1.2771117725983538e-8
-6.482291217688065e-9
-1.3861555588562915e-8
4.249291993828232e-8
-4.789020320898547e-8
6.724449016478054e-8
9.827502029914953e-8
2.0574873681741373e-8
1.0789232308273143e-7
-2.3014211154959836e-7
7.864930630948665e-8
3.323437847967959e-7
-4.182503885811851e-7
3.0609973735564904e-7
-5.267523249420146e-7
4.4899736039014143e-7
1.4423256564109402e-6
3.53609530030614e-8
1.7701556397493422e-6
-1.0123333438609376e-6
1.255508297565802e-6
-5.841909713239663e-7
4.174533230377601e-7
-4.6417104139237415e-6
-4.43826904820929e-6
8.482851908263432e-7
-5.396160207500973e-6
-3.67382893052103e-6
7.939806615361692e-6
-5.382134936209151e-6
-9.835953373680501e-7
3.3809689675600783e-7
-0.000010132897437501155
0.00002082800898970798
5.814425168224507e-6
-0.000016484118419264954
6.535473053286929e-6
0.000015236201693466087
6.290978225290512e-6
-0.000021003341059042504
-0.0000205427012799942
-0.000019132187989383025
0.00003396233004567005
-0.000020744392813211175
0.000014896763890793696
-0.00007290007658402441
0.000018580438987476637
1.04021858150327e-6
-0.00003383718737202132
-0.00004392021503432141
0.00001795536026704248
0.00004534049818390023
0.00007387381468927194
0.0001332307552541187
2.8349113452536933e-6
0.00003285494424491356
0.00013614241045097547
0.00005326676990857136
0.00001999500856120746
-0.00017519007820313075
-0.00001154953780811707
-6.034929464708796e-6
0.00012512304561959162
-0.000043064416559269195
-0.000019106309537143665
-0.00019364405871287067
-0.00020798059346173922
0.00022500103844860366
-0.00009793274735756444
0.00021186134908103807
-0.00003379699348146709
0.00003264503018846018
-0.000023082338902883177
-0.00030444391156363507
0.00018071627646603473
-0.0001415240670015466
0.0002418452591853302
-0.00013946855040948837
-0.00034842953396647133
-0.00007681347274089793
-0.000040889089132391003
-0.00007536449299700438
-0.0010706673798538463
0.00008029139473014708
0.0000910361859265289
-0.00022179427765666725
-0.00012615038767239693
0.0001089930977633103
-0.0007167201517884652
0.00013908381279589282
0.0003520337461209601
-0.00001615480247551127
-0.0006097829074630058
0.0006276586652747547
0.00005836587843918789
-0.0003056085726219607
0.0002936861589446124
0.00004123592228510926
0.0005994249991391184
0.0006064223720762764
0.0002482345560632225
0.0005469485510685505
-0.0008212235592378623
-0.0005606888888040004
0.0000127849906629399
-0.001644357980641023
0.00003806947954903117
0.0000340033778660849
-0.00029328240815510603
-0.0007866791945253145
0.000071003923928834
-0.000011354056994810769
0.0019024687045534924
5.662290214715099e-6
0.0003741253326934228
0.0009628876581368929
-0.0008334064103576111
0.00025956077951128336
-0.0014083257556753081
-0.0005352745305266974
0.00008148381582470176
0.0012031488312702733
0.000924082446674216
-0.0019019366721773384
0.00141939359922644
0.0002952303663162027
-0.00004309481596340047
-0.0005088509248133017
-0.00028561105694042987
-0.002076898720408234
-0.000522233371825015
-0.00004250266718731259
-0.00036670030497697826
0.003430571484229403
-0.0004726419986699088
-0.000959923007053342
0.0006290542102824157
0.0004888469979034754
-3.288216776215714e-6
-0.0010120005917425526
-0.0006576337289249609
-0.001187481100429694
-0.0029447654121834413
-0.002751773583295457
-0.0012941821683047443
-0.0008252468670722867
-0.0002978435582108297
-0.0013801818904280577
0.001419332295938403
0.0017735086317853083
-0.00010505251853987031
-0.00011646344783177923
0.00271182978158308
-0.00146844900944517
0.0006867998896914349
-0.004177392445118115
0.0007562319503968966
0.00036716835881458597
-0.00017344174380594604
-0.0002965291473514534
0.00007659514535389413
-0.0025411290792329423
-0.0028485632281994794
-0.0028960728580294205
-0.00035628824035372267
0.0013310221554108923
-0.0020140568898300262
0.004731326364667717
0.0018061359944001492
-0.00012000560346770039
0.003583835148221381
-0.00008127821366209846
0.00016645705586970064
-0.00018788444785204801
-0.0004150851212773474
0.003626126264130806
0.0017899795644524725
0.006204151799535651
-0.0011231623841930524
0.00040532621325481394
0.0010315783826702004
-0.0032393097120724606
-0.002095908660288898
0.0010712635139733374
0.0004372349717096826
-2.9426011261152817e-6
-0.0040234107777033625
-0.0005513044057002735
-0.000011585831426672816
0.005720387981862455
0.00044830478987160986
0.00035727467725520817
-0.0011087021634844266
-0.0010637727435013886
-0.008834541650676373
0.0004839442161917248
-0.003568840696948424
-0.001892070003647236
-0.00327930791312576
0.0014320344934279248
-0.00040870533399981846
0.0027898047362668998
-0.0006149921660097502
0.0006351650919892104
0.0018979242769131116
0.0033509176008773905
-0.000492281969842268
0.003315582897011929
0.005150695883392266
0.003443909051833229
0.0030748835019232612
0.0004258234470744647
0.007331699552947737
-0.001795212897407733
0.0003585974647527894
0.0015464114249454752
0.000985875165775409
0.00006838947624069843
-0.0005954054027851459
-0.0020982768468836253
-0.0008668537256012056
-0.0024821178831710036
0.0007533548521380347
0.010255127577577804
0.004024740389149804
-0.0007344870139686853
0.000013740603655824497
0.0021083054951575118
-0.0072827579556826675
-0.004290046338118483
-0.00432187493915969
-0.0012354716490831257
-0.0023386380327394783
0.00020424522824534527
0.002008718777521912
0.004773976404481678
-0.0039235609815508185
0.00014511816192564096
0.0007192020147352853
0.0011118951448526283
-0.001815187057367147
0.0005294799631035987
0.0015701026525750243
0.00268270463202867
0.006002191058134151
-0.0016277349730582022
-0.004685594902038274
0.007264086189583894
0.005502665035845117
0.00025713974079235756
0.007310021031758027
0.000924078049995577
-0.001702599451198973
-0.001138254207672016
0.001058816391799008
0.0020809641733214247
-0.0012381505008323599
-0.0005751854765684103
0.00018835034099766923
0.0013169467625731887
0.0007742820789730147
-0.011949564367041384
0.0011023364452659565
0.0015491188271281066
-0.011042228615912994
0.0003022072954325817
-0.0014047846516954043
0.002516375944866136
-0.002360627530598639
0.0016928324250275963
-0.005184940788916189
-0.001030949825922965
-0.009789047321465984
-0.0002093154910035342
0.008218949639805758
0.00391355728460744
0.0014279888132172195
-0.0018317798228841863
-0.0016901373278586753
0.0003079141051920482
0.002386547571195247
0.0006538961878276511
0.0015798124469355306
0.003821098925777053
-0.0022293496180067927
0.0037340299854692464
-0.0011874364940345345
0.0011371147645986728
-0.0012308454785770386
0.0020684331585747147
0.00008707728178932158
-0.004558025609168936
0.007829487296912687
0.010832695485583231
0.0033466742098709765
-0.005288945747099111
-0.003545761222760269
0.0099051763390456
0.0009798797219701017
0.0035468145726462617
0.006863314515848848
-0.0003150914117020143
-0.0005392021518889722
-0.0016334491436459484
-0.0003193233907439549
0.0003735292589636883
-0.00004723887409701754
-0.0003981897032348366
0.00039408578883483005
-0.0011755287067973512
-0.0003229008400313406
-0.002779047785375729
0.0011712829936916201
0.000895505552602493
0.004849600097975227
0.004259763308485299
0.022104236763133014
0.000013805210138211554
0.0034803531190554914
-0.0004715825876292951
0.0031928696042161967
-0.002092933151017631
-0.0014545221856630366
0.001501141610709878
-0.0007536349410425316
0.0029464479676135076
-0.004531945531636449
0.0030638906193945353
-0.007988843710281671
0.0124325146479005
-0.0046358329788415455
-0.000050805232049559464
-0.0006145870550319597
0.0016779295035358414
-0.00006833002580623567
-0.00020299882610033337
-0.0008576882447412713
-0.0030714218465067544
0.002097987581625197
0.0007867468096291618
0.0018229305120548399
0.0006195371336391547
-0.0014257705845704377
0.00019406438192159255
-0.016352891231901284
-0.0012755969695201228
0.008817652860536538
0.00009453386107905926
0.0012052352916840999
-0.0012896430701792613
-0.008764968788782168
0.00037829668792827345
-0.0019134141969442296
0.0021321622550863483
-0.027594590062072478
0.0007905842999702158
-0.000058407257620993675
0.0004219041489608799
-0.0008115144938008979
0.00009607473189364591
-0.0009910379732253026
-0.0024070449419079957
-0.00032838115610879157
-0.0028119622843832677
0.0010293135618231173
0.0012161596379803357
0.00041941485121469303
0.001751400739151175
0.003181362028114114
0.004207398090368472
-0.0009145532362797849
-0.000771129346665193
0.0056948436094741
-0.002796997950877871
-0.0031632028512109064
0.000851742406441427
0.0009198573190171151
0.003604280848006946
-0.00010705734354341263
-0.0032325452598393496
0.00984792832226196
-0.03630900777380839
0.0034094054568979907
-0.005633712009193854
-0.002543075831995898
-0.00032650320808794413
-0.0022757557559025796
0.0027438756898551836
-0.001209744994893965
0.002520443044504783
-0.00003846847919883079
0.0025596826680470337
-0.007513744804206842
-0.0013760483681258232
0.00006232875764704636
0.0011515134283666764
0.0022966090788887946
-0.002118556577604888
-0.0008021242518988365
-0.00046231771055920545
-0.0007833817333679305
0.00013520237461697653
-0.0004884170085872467
0.0004914332797910356
-0.0009810579560359384
-0.0018965480048963054
-0.0018885887420180879
-0.00028772797815125454
-0.00011236224094616532
-0.0007887255338421634
-0.0005408321375616281
-0.008324560485142381
0.0010649751689564514
0.031591826148663
0.0008549739273392906
-0.003700150209810823
-0.014719720330622185
0.007173511977881267
0.003605667335674341
-0.012898092058769505
0.003871035576354011
-0.005153773561495108
-0.0011448569163295945
0.00018810185394330494
0.0005096645343434499
-0.0015504823481553311
-0.0004451611741913703
-0.001086242637558697
-0.0007113918277296695
-0.0005137158666002876
-0.0007045582936687792
0.0013192433730534476
-0.0011477982933497223
-0.0000838939080845219
0.0007069802318884943
0.00014038598481730144
-0.00017441438012760606
0.0007836498797388821
-0.0002473307448932657
0.0015347470695766677
0.004875313031787797
0.006997839708776557
0.001873431237201936
0.005487724424770042
0.0019919121351007364
-0.011598658814000478
0.009561999916770666
-0.01828142573095529
0.00020917148118050857
0.001782087690841719
0.0008892800021531424
0.00002461430982231756
-0.00046777151264585336
-0.009035106952671339
0.000379769052358984
0.003325852528280542
-0.008567935002379626
0.008998845368633192
-0.0024721741772579593
-0.007164754508984716
-0.0006535986347568762
0.0002715061880896183
0.00042872218036107246
0.000043291184549006525
0.0012277076960538385
-0.0004921338491164307
0.00008259412004581483
-0.0006637157551170282
-0.000553431240071788
0.00022684118055852183
-0.0004483020124697387
-0.005196167245253429
0.005174572391636678
-0.0006349161236892005
0.009394137463065815
0.00630284095862387
0.000018866119155599933
0.001428115093760838
-0.004390011611446237
-0.0015621703038035852
0.0009933301202999945
-0.0007980481117585201
-0.006823533301024967
-0.001560085348746891
-0.002687628631733975
-0.012030722312174818
-0.002004605281782368
-0.010685827013635794
0.004995521699373315
-0.0022150128917282665
-0.00010945008196679998
0.00047198771582550493
-0.002822032010161785
0.005206163027783732
-0.0006124780399561853
-0.006817795511593941
-0.006030900541059268
-0.0013948621276343237
0.013249910257358269
0.0013789137328682572
0.00015363856079351397
-0.00017869198406604594
-0.0002781489741497127
-0.004237597850047469
0.00009614909982079627
-0.0053382700816991605
-0.0007443291767092301
0.0010576046796350268
0.007501876720741925
-0.0015546521446696132
0.00779732361857962
-0.0017578977070363644
-0.00112226357078296
-0.0022014621359515807
-0.00186307304305539
0.001758109393588544
-0.0011518240276803067
0.0033202941347509358
-0.0003629547957981157
-0.0004528382992064052
0.011202427595827
0.0011201580228209465
-0.004927490054935297
-0.0001440278380897072
-0.00289789149577258
-0.002309211607346383
-0.00024686631693557397
-0.0016115075602314865
-0.0016773589212379218
0.0034913769290245817
-0.00014675614573551657
0.017399359002158703
0.006751072170086003
0.002754244736879448
-0.0001516367075946322
0.0017506162018727756
-0.0008735400995187844
-0.00003731067637436848
-0.002471723705495951
-0.0019322604868010095
0.01965123470911465
-0.003858929185679029
0.0010000805379410174
-0.0064594526679956285
-0.0004557340744177521
-0.002015682713558901
0.00021256417830735227
-0.0024607488359229364
0.00046302065496758323
-0.00006164507155733956
-0.0006336930375131313
0.0018391070751513456
0.009597382724134455
-0.0002375955124851102
-0.00027102074026991125
-0.0009918712918913347
-0.00018919869646327397
0.0005988314659372332
0.000379645919435293
-0.003809338539672291
0.0007494272427857301
-0.004322334465994434
0.004382434460874679
-0.0014557896708492404
-0.00014729228314327533
0.004491033246363697
0.000956110949090998
-4.744895340184988e-6
0.00013609474361436297
0.0004175964189232921
0.0033904139505469776
0.004860699219804477
-0.012665263092917168
0.0009404699000775698
-0.0023497756748388525
0.0002054382898855289
0.0010626040504673202
0.00347712690048955
0.0065375691698035775
-0.0017725005456561396
0.023388312877143925
-0.012926879676305717
0.0003085477251368716
-0.00001590791224345028
-0.0009634701430473951
0.00008294823131064881
-0.0007476474261810795
0.0006127387130824449
-0.0013198382770996796
-0.0003800675019085161
-0.0027625213905346307
0.0019641914651313975
0.00022495157346955297
0.00002500104237127432
-0.00033606228816392136
-0.00094812469375662
0.00013662288756399637
0.0005344965997339652
0.0006047514760180655
0.0011534034676120772
-0.0005391504807427626
-0.005098852265848892
0.00015504053963653913
0.003496524653389094
-0.00004052557096985281
-0.0011394929591077854
-0.0024491852135624724
0.00038034103714617326
0.0027243497113302625
-0.00030768565759116103
-0.0026711348078041724
-0.0008486416661792435
-0.0003214776517379044
-0.0031453693052571744
0.005061908146914441
-0.00383510542975842
0.004019002326509902
0.012395270446096495
0.0048367970197535646
0.0170708814567601
-0.0065855594881550844
-0.0003487745280308327
-0.0005977135807524787
-0.003488537560596377
-0.0029269367264014605
0.0006339232452300364
0.0005725361685013457
-0.0006502522895334039
0.00203987585953584
-0.0008576056812939048
0.0009813948886656853
0.0002492223877429627
0.00040387042040464184
-0.00017639623793934517
0.0013168468244409391
0.0008039915159444106
-0.00034311651307416353
-0.0000724910742039265
0.00038555782766260465
0.0011580906765022566
-0.001275370781105073
0.0030374907604969197
-0.0012351776726392055
0.0016630110808898994
0.000739186205308869
-0.0010648068860326823
0.0013322923880562648
0.00009094826136320252
0.0011770229051252003
0.002085343548738558
-0.004807642001901072
-0.00250893479090296
-0.0012838497232868992
0.005442888368725645
-0.014409820891968772
-0.0005215366720320893
0.00010678560313431432
0.0008407321201628457
-0.011786599369376084
0.0008776723150534168
-0.0004762003420018589
-0.010710651930158244
0.00022661940918707228
-0.00026635797714367137
-0.005498064693111001
-0.0001985573370062301
0.0011045389122327338
-0.0013555015151752422
-0.0006687979689524811
0.0004679004660546424
0.00016984375187392424
-0.0029847904550307524
0.0013196715940755768
0.00012403013178653868
-0.0018737322315865402
0.0005510135064435804
-0.0026381982113364913
-0.00019006149306276945
0.0008757971472905269
-0.00025297697231800007
0.0010020303238126443
0.0005594334104424077
0.003484675613271618
-0.00022927444974430298
-0.0070480070740068165
-0.0011226835110058724
-0.002166646210115823
0.0005961786796074231
0.005568391827318613
0.0012185947098767643
-0.004593641089296182
0.0022277387053537645
-0.002819424718883632
0.0018216320854791727
-0.0032485131079869126
-0.002962756941535917
0.0022486911504959605
0.0025472698944518984
-0.0006583794468945286
-0.005745214832349785
0.004839786297153045
-0.003066746599499646
0.0024369955568363426
-0.004059268041048826
-0.001733381364282893
-0.0021384133891228247
-0.0022816869957302632
-0.0007672246823892825
0.00039584848985369084
0.00024058765627356975
0.0012158367253579463
-0.0011521676922958625
0.0020489267165559495
-0.0002669014088201369
0.001391918011298164
0.0003474782803068107
-0.0018545010446295786
0.0009900948181480796
0.0033799462466059314
0.001888901009344882
0.0032260041583499813
0.002564945967280515
0.0007504776461896573
-0.00038711320803931263
-0.0006136808189460927
0.00046841021780414744
-0.0010686191027311318
-0.0005461336617798443
0.004619667943577938
-0.010119776614046136
0.005732415196354476
-0.004285867661128021
0.0002237258212212391
-0.0007522863936404308
0.0054292202294071185
-0.0003137861619269218
0.000876977916438008
0.000300265708758515
0.0005145179153397025
0.000420591742972677
0.0001211154969186289
0.0002014305698171774
-0.00008661154335050887
0.002379433539497818
-0.00026430511741569956
-0.00013080479429694548
0.0002271110086591754
0.0011559794399338907
0.0004674166435400633
-0.00047854579926546976
-0.004222102050219208
-0.0036011168805555275
0.01095971203935569
0.0010016744790217935
0.003264651738474372
0.0011675403747628816
-0.0010663918822655394
0.0034094641678133176
0.0020504166607530033
-0.0003304371550972886
-0.0002619881545175329
0.000733539775253869
-0.0033905719000739266
0.008895499479028159
-0.0000567639162453252
-0.0006129605480287535
0.0005543219160947411
-0.0004963970036122342
-0.00238073010058844
0.005580106373818124
0.0059363211743519145
-0.0010063073046442511
0.008134423845929684
-0.0032948818085443096
