0.48680282711324774 -0.0789244215074451
-2.1829190068473332e-7
4.1644525091214e-7
-5.5385663469507966e-8
1.1384606976628308e-6
-1.661311009934896e-6
0.000012482051151107023
-0.000013893477354895436
0.00003160646623304597
-2.2974508130598846e-6
-0.0001315297146518862
-0.000042361297145860316
-0.0002213513818860242
0.00030607484600598633
-0.000053240888663161564
-0.0005974620247826382
-0.000041756805633361256
-0.0007250737896752936
0.000440753819370852
0.0015802113145102917
-0.00018085000195572958
0.0018807739289080727
0.0008096953775402375
-0.0011398692280921623
-0.0022332616389558035
-0.00009900758240132237
-0.003938102419117694
0.0019087099247483337
0.0036603666100430633
-0.00043538801146084284
-0.0033038162443602068
0.002586521974878429
-0.004456007703103299
0.0008876290838089645
0.010504929482138018
0.001980893407993749
0.005565172352203692
0.004413060868676463
-0.004830317939287292
-0.004179997156020329
0.003172245483264333
0.00984012808855098
0.0027300003733107007
-0.0000390952852116156
0.02092788956155366
0.002220239956594146
-0.00701632386087034
0.002633326726499039
-0.0073031273424184655
-0.00946623480275884
0.01832606326930247
-0.0007007524479912204
-0.0018019096633348742
0.0039776973964247685
-0.005862247077206856
-0.01588075756541349
-0.01543213817425151
0.021042141945314924
-0.0050300476834002315
0.004806243904314394
0.0005910646594995283
-0.0045986371715167635
0.015361002229004618
-0.007548541091583875
0.02422182602821652
-0.0024393579274546535
-0.012360777849245374
0.0019529197003739268
-0.014305954607551538
-0.009244604088935493
0.00016615444081766962
0.009966481768537228
-0.020100039764113342
0.007378489415107566
0.002321085395419618
-0.02967029603408717
-0.006776889471797069
0.029977827404214407
0.0032932230569807006
0.006786317206603306
-0.0009765428945270321
-0.00456546254266618
0.0019239119604749656
-0.011373613415401126
0.007562934373099556
-0.0008203046428759781
-0.019358545576089722
-0.009657298529782877
0.03999943649921431
-0.0337080985080602
0.011515577550313771
0.00025931142257607154
-0.006632511890868291
-0.004083664229215295
-0.0009778661140863079
0.00015372229376119635
0.0010383849999243027
0.014543989950621316
-0.01905714786309302
0.026778934554172185
-0.02420479497202574
-0.0028581802740352126
-0.01491257963570275
-0.00885949089446103
0.018694467883534533
0.02069626968673845
0.01228101590305967
0.0010909641304907467
-0.0022564684604142113
-0.008648659576065552
0.004461023446726829
0.014611443130919135
0.018873231431498657
-0.020395960282325487
0.004474470302649744
-0.0005773671615360802
0.006471891162964637
0.040717237541399456
-0.017945578535570744
-0.00039189974450958313
-0.0031518969169779935
-0.011179703262700954
0.03905798226690834
0.0002864869637393609
-0.019506908176908016
0.0017682909158915879
-0.002922637679236759
0.003777970363065823
0.025747152249614234
-0.0006445853427827185
-0.006664454948071312
-0.00530951116780907
0.0006064168707315817
-0.03477314335562338
-0.0009507488767447756
-0.005751414424260869
-0.005153276851257978
-0.05769196268335083
-0.009524992400493431
0.002755498826436159
-0.0016823965108247094
0.004169847131518441
-0.003397946452209748
-0.007641415491480568
0.006573505933091364
-0.001286177497262922
-0.005003690380438608
0.007878432089881173
-0.005143217101740791
-0.00744150179433249
0.0027441275439410327
-0.019444929467498866
0.050000808133415266
0.0014830372376487269
-0.00014270868163720788
0.023571922219939694
-0.002725893906992999
0.010151920453481254
-0.002033123451468578
0.004404905961108175
-0.0021097340017510987
0.004478496864087464
0.0017108249227725555
-0.00024022591881582312
-0.0004734007329791023
0.02256062974000156
0.006973350415428525
0.008307110180158218
-0.011729085880915875
0.0013350601839059366
0.017970712289801318
-0.008743017767359557
-0.034115369638925586
-0.0007964638485538144
0.008746924386544305
0.00903862449362732
-0.00021435074605565574
0.0009950732010961599
0.0012428613623838396
0.00468374433200653
0.009628760188335908
0.002877089673203018
0.001551764851175199
0.00516315035263938
0.021098475017501585
0.013803054777236225
0.0010298191799884297
0.005140923014357236
0.012316852294089693
-0.0006061144652985167
0.0023734845968507155
-0.011651767804626172
0.009165986831121775
0.0045220569193054495
0.0006107713049557076
-0.014552641821116638
0.016345927821172272
0.005431295595137526
0.012875467757500382
