0.463746907728502 -0.07717762359651917
-0.000285745686008586
-0.0022762069748601546
-0.0040901554406025465
-0.0009873667992202559
-0.017136744325470226
0.0185325365649269
-0.007409811514232466
-0.00041519723153723547
0.05351057881128135
0.006706798926094366
0.05212604083192848
0.009401986461004113
0.033276996762257705
-0.0216814760800006
-0.09169324810016008
0.031127995837048207
-0.008409008964664495
-0.0026418576180828935
0.10800819620226337
0.005732868845406565
0.049910525524968795
-0.03268005734644408
0.051398353967234946
-0.0010664954987438361
-0.0812911479689839
0.003266777936994442
-0.0836688971379618
-0.046241582050852534
0.01596319419837065
0.04106367594837149
-0.024751025593771864
0.06473511004927741
-0.08472104410713595
0.002774276684403226
0.023149149702264428
-0.03271377262897767
-0.019145586203400587
0.004780659996775435
-0.04872299623982467
-0.025066888977074316
-0.008546841234458993
-0.07371935657795156
0.020935383690561724
0.003903727790681864
-0.012039751108169669
-0.003231557273237621
-0.03739541986800372
-0.015621588223381508
