798
0.718251592537144
-178.57734807603822 0.00003896734513249622
-155.90631401247418 0.00003856353098293309
-139.82823577477754 0.00002303097413920476
-133.34084812913954 -0.000039423518716959494
-123.29735654007686 0.00004027053910907018
-117.62991260739174 -0.000025756968023604908
-109.8422155192934 -0.00004515356188849467
-106.5238807551026 0.000010914824409917014
-101.5104131881796 -1.4697549010824359e-6
-96.84398613877748 0.00005554599793540181
-93.68256926712435 -5.121886450080731e-6
-90.42458446482665 0.000012979186845880975
-87.15064419502805 0.000054149329572549454
-82.73229719436341 6.864680532909187e-6
-82.27803756302487 0.000014898679125136142
-79.17945752463365 0.00004394019687060564
-75.6262713044699 0.00004591475567978424
-73.51050567221428 -3.1494263527911516e-7
-73.1558748138374 -0.000013147051493984867
-69.90898551592635 0.000048476326996210194
-69.06772391512747 0.00005225103066738511
-65.68707980884639 -0.000023073414078296365
-64.56040687208558 -0.00002266603963364965
-63.61777203747109 1.403230951823563e-6
-61.80262044339442 0.00006136521241425422
-59.42515825805753 -0.0000339418994982391
-58.920865749469016 -0.00002034305748921067
-57.83494880949318 -0.00002255177803399314
-56.44212232679808 0.00003854184446651724
-54.822006703284416 -0.00004241455513994183
-54.06094601766106 -0.00004713978173957832
-52.180899996124715 -0.000031470791643209206
-51.52523488647956 0.00003334088175258352
-50.366503653293286 -0.00005235850619333662
-49.65389125923169 0.00003412566089944976
-49.15314380899857 0.0000799400226577582
-47.09188490949715 -0.00005826166524661662
-46.85417752106754 0.000059771846469412515
-45.58753161788666 5.958706221689291e-6
-45.22560008708552 0.000025456321180084954
-43.94244950617293 0.000012800266439164491
-43.7367279626225 0.000010455365968562003
-42.43220833366999 0.00002509449034140469
-42.25144634049235 -0.00003868097059933092
-40.93967990054116 0.00010639829953424386
-40.406348638722974 -0.00007624237078340765
-39.663039032932815 0.00003636802012838313
-39.45453599999457 -0.0002490679328419855
-38.594746511729966 -0.0002868793212425938
-37.77533323545831 0.00012709974862917147
-37.32134657417036 -0.000398926493203545
-36.622229368638386 -0.0002786591416588095
-35.91646130808563 0.0004625735807969529
-35.48102420897153 -0.00031288992594462686
-35.46222323489711 -0.00008858038091651402
-34.69792256617378 0.00005883974326609224
-33.88791031735682 -0.0005582855544113792
-33.85889833434648 0.000771714063159173
-32.80214901457914 0.0006136548114609632
-32.578311056486854 -0.000977263908801981
-32.002404410930204 0.00040952885008037674
-31.42868927163383 0.001092337978035754
-31.354333595070994 0.0005968635046621071
-30.892753032556488 -0.0013580326346689872
-30.625065805142498 -0.0013680003176036594
-30.029003401029733 -0.001841522313187752
-29.617973185712476 0.0020187795215784025
-29.31976029266935 -0.001685385748871851
-28.66364584004824 0.0015485050051920876
-28.526017793738653 -0.003115038768753104
-27.749145826212597 0.0012373790082042342
-27.64752502763585 0.00013286678781379414
-27.473143127726246 -0.00313305339768941
-27.241979053020895 -0.0033847384568350207
-26.997666217359544 0.0016910256053024458
-26.462737650660234 0.0031511732105614578
-25.922467986772805 0.004599407177329756
-25.859653501625846 0.005955798489961038
-25.64743550123601 0.0004120457649571234
-25.064203762839224 0.0032155083352566694
-24.749923001362177 0.006322362537970005
-24.398391522247124 0.004181908781374077
-24.33124258797446 0.0031244290466698847
-24.026371704047232 -0.007880296449751282
-23.84921661924101 -0.0011187630561892543
-23.756446629033313 -0.0007693039811839566
-23.45321664392197 0.009586231806160155
-22.948944868179247 -0.004811093928345993
-22.842551239098814 -0.0015482710886188162
-22.520536871556654 -0.012007565470654291
-22.309966119691804 -0.013137955830616202
-21.8597200335648 0.013971467872311885
-21.73297505167173 -0.009738530265533315
-21.509197749093723 0.011347678428189192
-21.42487921200457 -0.004530810170042043
-21.13035925084265 0.003962728541498691
-20.91610739026519 -0.002249241942843344
-20.77154548971901 -0.01629648034666741
-20.68720903836286 0.015427440617901174
-20.35133100090401 -0.012954361989114363
-20.213154319794747 0.019010086641854166
-19.908631477156185 -0.010835933262538624
-19.73426302135463 -0.0212890078832905
-19.49331616798673 -0.009347553935637413
-19.30264650609533 -0.00819880957056583
-18.994082787208207 -0.009163001130985955
-18.883169356763332 -0.031168407337264725
-18.815376552446235 0.008876867718572158
-18.617805042607873 0.013025965034028147
-18.448388127201316 -0.01954026340876256
-18.31429214234832 -0.01232072130993199
-18.171439275744152 0.008738515634238216
-17.919942118683004 -0.03592781901892182
-17.84716684390416 0.015317579551454085
-17.704227212728995 0.026072959035404793
-17.388102874145048 -0.0019462456363988291
-17.214933697797854 -0.03796453355309932
-17.019696183398842 0.03648835145789943
-16.96111096066419 0.006849880189968162
-16.780826201757765 -0.033704471323723936
-16.6792524060711 0.03717501687757508
-16.441248243243937 0.005588564595593006
-16.373205581304642 0.04316302111690322
-16.26462626153214 0.04952448129888459
-16.02420987551327 0.0227585252916148
-15.99268501994866 0.03934539792950984
-15.815895601881422 -0.0422376481623033
-15.62771440732006 -0.04111661126480599
-15.546549259133544 0.0018111760744813326
-15.475147272880418 -0.06282336859670105
-15.217655520507204 0.00381297093627462
-15.027905204938369 0.00467390797530818
-14.916798602228758 -0.03155662253354694
-14.790289001832004 -0.06321803545707184
-14.742488136451612 0.011538865978495105
-14.677698765632954 -0.001993609200019993
-14.550442762744005 0.07441603809217202
-14.3723544910878 0.0007804109025375082
-14.19926041732725 0.04049344960391324
-14.142869343371567 0.07398927706546106
-13.990767194076316 -0.053302087561904965
-13.829533424632293 0.03678064288402351
-13.644152958728704 -0.08670660516285753
-13.625347328731673 -0.03226914997697974
-13.594723929710192 0.015065100391676661
-13.461421559892182 0.08327678556840228
-13.26342730046074 0.05813849009357594
-13.211894578660868 -0.09689804882737671
-13.043445486918538 0.08848576719967424
-12.944504758739265 0.03420686326324911
-12.887936616298827 -0.0058563621119646315
-12.77708028737982 -0.04906281206943233
-12.758538506100788 -0.05487667148025454
-12.56334340127134 -0.10179932918219499
-12.513264122152746 -0.0571615756799075
-12.308457336683704 -0.007230717612964068
-12.247559159579406 -0.03334664391959703
-12.139385511521958 0.12687759161107467
-11.999737567406811 -0.04161182209917717
-11.885529756123342 -0.09608452858877387
-11.834600437623093 0.061961344981947795
-11.745918861838545 0.07846733740472397
-11.682590492563476 -0.0010601306628845444
-11.600934337827397 -0.0995760343921376
-11.529176992313245 -0.07919498598102709
-11.406511651721523 -0.07858914225332574
-11.307643831146272 -0.13542562922433546
-11.169752165077767 -0.1360369168635243
-11.135363980715875 -0.10926611974721068
-10.989661944915222 -0.07115948476402242
-10.952202335790107 -0.03243614231091278
-10.909035978806047 -0.11871139947027098
-10.824388966839837 0.11026292641199299
-10.703289083522517 0.13625648432011458
-10.537875953582613 -0.022301846084024066
-10.479767162145905 -0.013716860816972114
-10.422424411624268 0.15515304658225326
-10.342477571994698 -0.12036022848783597
-10.236836956982092 0.08260294158506475
-10.197357695441898 -0.1713245314289442
-10.172853153199656 0.062326152788739965
-10.012937304246329 0.0570012161595676
-9.936584505974315 -0.02537070847823884
-9.868629431753885 -0.047986873473903395
-9.848342112503264 0.009168242426357597
-9.73744815132181 -0.14034351559541364
-9.64455042414397 -0.16755626799522186
-9.56985481536523 -0.16247646889632564
-9.486859605506835 -0.051763094559218716
-9.415973455600632 0.11259560338740067
-9.34597599869293 -0.13400537312626742
-9.243299821992231 0.18976136487915862
-9.215512906000763 0.12749833906902758
-9.12854600364354 -0.025735740011744498
-9.040085049992035 0.19318097972271908
-9.029368566102123 -0.01369297183707988
-8.906287122245148 0.030440391603644253
-8.869885318964174 -0.039254206614973246
-8.827012203421713 -0.07529969871775458
-8.721548492344576 0.1843633297516117
-8.65629901850559 0.12259998680702772
-8.624821457685039 0.2115251671662049
-8.532726501362932 -0.11597892489229474
-8.473696796603459 0.06329720164984802
-8.373801595446032 0.11616134579954844
-8.291668375139503 -0.21947972476420557
-8.246533788073268 -0.15767779490523123
-8.153314870888728 0.08638861060528295
-8.131740566005863 0.06883407586329286
-8.066991372927152 0.00401809540733735
-8.026647223381708 -0.2100681249294303
-7.950443783602498 -0.09669145576944656
-7.9311274101650495 -0.0036489707657552817
-7.850732193312755 0.24601202225788896
-7.822992659810631 0.08906388228442108
-7.71079791412361 0.006987568934533837
-7.663918079717107 -0.1194017644165381
-7.599154647238034 -0.14865489434721146
-7.538910818441692 -0.27540724391048055
-7.496325997072613 0.06146754539417127
-7.404557796851586 -0.24563774441749453
-7.36674316126076 -0.1591975281309686
-7.2871464276266895 -0.18367115342113385
-7.246854154619194 0.1900623047255419
-7.196025734824154 -0.05589315413991743
-7.177406510181821 0.21494986753899345
-7.095341660466154 -0.10615931088558819
-7.039280467539786 0.10746299141747308
-6.99877484065714 0.17816612465787407
-6.9499786820112375 0.19482254811596772
-6.883319341987115 -0.08489456450967212
-6.826015139544817 0.20767368956571086
-6.7798722030556196 0.2640670658103936
-6.733684883747476 0.23545281367627968
-6.680951632399689 0.24375869759435084
-6.630829530733661 0.06816265595996643
-6.617767042962316 0.24414761487378095
-6.56480578467955 -0.19799514554292086
-6.484056809744252 0.06153749172696789
-6.412220229040022 0.18205390085629916
-6.355181480690799 0.0724013016686573
-6.329135009034555 -0.002078256413174131
-6.304774039869091 -0.09593849592621796
-6.235969449390258 -0.1933216029904146
-6.197908032476781 -0.1371916881760146
-6.1260611883765845 -0.14071677648858802
-6.097632304174088 0.10476391710312183
-6.064523056247467 0.3448497117282442
-6.004932675941943 0.2497390812935341
-5.968971266586398 -0.10365166334284845
-5.9382769813157505 -0.010204082749983632
-5.895028174627047 0.18547120266092365
-5.8705797158480175 -0.3088819447659514
-5.785801754205573 -0.27523691113682164
-5.733721633162646 -0.3076067940797723
-5.70899353097577 -0.11605391309121053
-5.650056024270182 -0.26143505740719314
-5.622262968502093 0.024932754320880834
-5.557077240889434 0.21763231141790437
-5.501544517235367 0.22849536142657353
-5.468925352403581 -0.29090701052859885
-5.44379277554394 0.009636783223794538
-5.417315128318262 0.09606971284800028
-5.370742645855637 0.1164491339974535
-5.333695923453865 -0.17351222249566245
-5.286098249392815 0.09265910852881482
-5.263806656054023 0.1800172249907928
-5.234980244956635 0.22092429480589218
-5.179140066772033 0.26783060769277095
-5.122333279741711 -0.12180721138979417
-5.092804358752201 -0.3353536078327273
-5.047283248984627 0.32500071432481326
-5.033931671434131 0.3518152379704547
-4.990523946563662 0.012848099277057311
-4.944740688977494 0.3315467890457088
-4.918227627945228 0.07879832149339723
-4.846334408396546 -0.21061611486716755
-4.816396284858377 -0.15247710199374168
-4.8004612791574015 0.0731873976960052
-4.742868684958019 0.22688298033077406
-4.727662922592476 -0.11200876606050117
-4.670509685653519 -0.1042198471433398
-4.649929047300738 0.00953135639221039
-4.627572701281762 0.14971776445037155
-4.585865313885019 0.10400258508014966
-4.561026090657502 -0.3684279273219462
-4.53817045099386 0.19312518388546004
-4.50355644370317 0.1860716722112593
-4.44707782067139 -0.3431583461490272
-4.423944693872219 0.05651010277987214
-4.401883065930044 -0.14823738369661643
-4.329636681330011 0.23281816758108936
-4.316248394589083 -0.1340584335615421
-4.282490237712731 0.2193902411529847
-4.242601816872031 -0.3471617161480755
-4.222007295327353 -0.11994375699915655
-4.206050376862744 -0.4128521858980869
-4.1413422683978665 -0.04149627280665087
-4.096991011659834 0.3623517264377984
-4.084787271556456 0.17446600594946146
-4.076198658698334 0.18488816926023083
-4.038548667768618 -0.21395639879503492
-3.975778303106584 -0.140023476331413
-3.9666895715603094 0.0013305755499916489
-3.953355757032386 0.2253137165976021
-3.9103422894354614 0.09743993812124814
-3.8906499599534743 0.21196735410780057
-3.872389750440061 0.12673957917514644
-3.817884701831454 -0.2355512682786827
-3.778496855967461 0.31525569725942343
-3.7557127433493354 -0.13212267262021166
-3.7346249801723 0.1563133556027768
-3.7198393423277043 -0.048831891563428514
-3.671822735634026 0.197722593583846
-3.651399405908791 -0.02864658444993896
-3.619211882597779 -0.3373775475832262
-3.598250049741907 0.40926760019657643
-3.582450701806078 0.4468720782622848
-3.5509802991324553 0.32155505221136393
-3.5039004377459153 -0.37247738077902864
-3.472911154302835 -0.23906990664829547
-3.4626816821872546 0.3964148145189746
-3.4475058450817118 0.07816897501882811
-3.368327496223584 0.2927898161763716
-3.361872343563141 0.3485382723452344
-3.3584566132915716 0.021001822140544645
-3.3010459132554266 0.02101222957357361
-3.2920061395373508 -0.0319994237550715
-3.273902644720709 0.006692325585176638
-3.2524698631350453 0.0038986312754206087
-3.225601450865194 -0.02293376195028222
-3.2185112209858646 -0.09784040458715125
-3.210012739905736 0.012668671841119413
-3.16214511386139 -0.18017090292166055
-3.150301342205183 -0.10426705660822923
-3.0987387538424382 -0.27660430887022364
-3.0791778667893137 0.18908573592850111
-3.0501377754809247 0.0718910738190474
-3.0400406467539947 0.32933845430959346
-3.00656365657227 0.20530481392521527
-2.988534292868085 0.483224264331679
-2.9606124025571017 0.04134621817376467
-2.9324038672310686 0.3348288821247504
-2.9077243360278726 -0.039794077011281966
-2.897628164334031 0.3140758490079837
-2.8782480261923244 -0.1994876390096894
-2.8613724402458183 -0.0630634455347988
-2.827389240763518 0.24366586577143903
-2.8021817718915663 -0.06571522377214446
-2.7870351160972286 0.2804605852334739
-2.767215426862207 -0.3803409919716259
-2.739418348659657 0.2948103644995933
-2.7291322613639566 -0.17917376931490994
-2.713200527313473 0.38909834708676866
-2.6942244991519795 -0.33005054925741767
-2.6692147902740238 -0.08525180646481285
-2.6369514126544886 -0.11848213748617989
-2.6211649181573073 0.1922832197213812
-2.5798260652663534 -0.07119018103023277
-2.5756860132598374 0.02234860320902871
-2.5521564895921727 -0.17103223386832403
-2.545944302129114 -0.26801517926168333
-2.512141537157485 0.19382070684842254
-2.5021831562750623 0.14627966838101725
-2.490806937391203 0.26881076101118767
-2.4519139970488966 0.09609236948079183
-2.431586031363843 -0.21207449673914544
-2.425188679385274 0.09703115315196158
-2.402753657501201 -0.49214816290273566
-2.383012331905401 -0.2318728627105102
-2.37086861029526 0.4019877682936093
-2.3610554699674773 0.022625955346339863
-2.3226094103993336 0.20070201852882746
-2.30440997722247 -0.18834271032604583
-2.290147297563026 -0.4320522900151099
-2.270492995186995 0.13305138416788637
-2.2503692289924033 -0.2970707442998892
-2.243038751971862 0.28334906872716753
-2.2126739171326992 -0.37089861387094186
-2.2025029292603526 -0.035707040531746344
-2.1938593330688323 -0.023718966317771886
-2.1806369907205516 0.13552489625054195
-2.1314307790968603 -0.11754595489845683
-2.1250985744672435 -0.06879948095157372
-2.105271523275114 -0.12961548462204409
-2.094643307384761 -0.2273632524782922
-2.08321105196255 -0.004309265723976223
-2.062793716669897 -0.22355547747559684
-2.046412678713918 0.09249554902358927
-2.0373968318587194 0.18558193396827666
-2.016490117731892 0.14156867058013578
-1.9953127410218858 0.3083578340802741
-1.9810472670737715 0.3971587488299282
-1.9728547563648127 0.2872265642318704
-1.9642826817785162 -0.040100476497233445
-1.9485218346357225 -0.18930609265603238
-1.9293264061340387 0.340230102288515
-1.893683925722623 -0.2809911306548809
-1.8752018911424002 -0.34357746967915426
-1.8612501914527648 0.08251269974804014
-1.8502282044004739 0.210851846909864
-1.8416372257771345 0.35666288622089
-1.820456278104434 -0.007508106235619961
-1.810577624881386 -0.3993926354187544
-1.7840673863828715 0.22812728952022904
-1.7705700509189517 -0.4718993005582517
-1.7519402223814602 0.18094022926455292
-1.7495502735099664 -0.20570067897671296
-1.7438142739308515 -0.049202633546882694
-1.7354767686535217 -0.1480016922480691
-1.711697659448408 -0.23041015467257064
-1.7044871329266726 0.274004187798282
-1.6865311052840553 -0.20170894144400037
-1.6770255066402342 0.0918009497427363
-1.6439690453707625 0.03743390272175313
-1.6324176712560818 0.08508579396082255
-1.6256974149101153 -0.47372270160063823
-1.6190618423366308 -0.29666102104566106
-1.604543685530629 0.10715995882955542
-1.5986648081811583 0.0679175434734306
-1.5786342795861865 0.15970935715865647
-1.5545596697280624 -0.24033663901276967
-1.5438009538145896 -0.20044388264402718
-1.5319882393497373 -0.08762561047955084
-1.521418185480819 -0.23235197351233391
-1.5054044605289756 0.08678639459016284
-1.4894243205531763 -0.17726246928553535
-1.4808337901146593 0.17454522250842014
-1.4576255170982853 -0.07916490165047384
-1.444883699489587 -0.28404541075869394
-1.43997166623637 -0.2633434908127854
-1.4088069101675833 -0.1536716605950424
-1.4056460445216872 0.009323409026183843
-1.4008724052818229 -0.16391744259963334
-1.3923478976025436 -0.13831290521865572
-1.3797791826978927 -0.053212743233255005
-1.3766416350145734 -0.037802815083610004
-1.3695269421742142 0.37653302006903644
-1.3402186192542411 0.05339941629158245
-1.3278599723388758 -0.3297186868305665
-1.325765340909211 -0.3346459123286326
-1.312956596814189 0.47934310171660155
-1.3025303015581715 0.42485280644491713
-1.2919234246284554 -0.5355706497270681
-1.2880479246188465 0.4082049001695393
-1.2782118361192463 -0.2951034898584908
-1.2642791230175203 -0.050826815314358724
-1.2442386250530526 -0.0784008364880168
-1.227603726778731 0.16811281582205
-1.2233234152082266 -0.2687674412997362
-1.2105023482206485 -0.07958344808244072
-1.2037867604727173 -0.28693096658312583
-1.1924566712033702 -0.05688295251727737
-1.177909023700258 -0.16165355161069644
-1.1701186906474905 -0.2182915708268434
-1.157738379116044 0.2537007720726196
-1.1439151218538113 -0.2035342304320605
-1.1292461471867148 -0.0792057722427664
-1.1249707722516018 0.16686090330496828
-1.113080954260389 -0.0872840209817815
-1.0985834806342276 0.07760375567302792
-1.0920123503090526 -0.0637120398862933
-1.0820556282579765 -0.05411737077438964
-1.070860167995259 0.0329230357300502
-1.0683736320671033 -0.010034413414114117
-1.056266699354424 0.017702100643871413
-1.0555169623131446 -0.022977485649863193
-1.0377090500183794 0.012019010144976985
-1.0290525098586303 0.21381370283645498
-1.0228023004928681 -0.4457378590629484
-1.0143739107864975 0.4632673533749758
-1.0101083864288098 -0.4951636341379266
-0.9998536873987116 0.12210203075126856
-0.9894696515215483 0.004501994469302662
-0.979742006292816 0.19391534241837535
-0.9727429979953155 0.08240894081132372
-0.9669713171360416 -0.11309365520451486
-0.9487764665479228 -0.2365953898103976
-0.9446440885556588 0.06397932742906215
-0.9299206934964301 0.40134292795729526
-0.9246277589904617 -0.47334185442632504
-0.9145842638611751 0.5131469729157964
-0.9110074271728403 -0.3046399181876191
-0.8984046307248379 -0.46737506350567454
-0.8946793249682551 -0.11571474971836876
-0.8898864473890853 0.08931923661155541
-0.8800374037569552 0.16589422315162738
-0.868077137847599 0.027258152839551675
-0.8617216678974027 0.23764193086851035
-0.8492698101843749 0.02289218257506071
-0.8387683407090927 0.05108320905888901
-0.8321259867108516 0.06192304862178738
-0.8255084315020784 0.053610584104608866
-0.8166772394690288 -0.03824261362164819
-0.8096563137336505 -0.0972434808164908
-0.80842760231614 -0.3349675016060355
-0.8009306696803159 0.3803680450721306
-0.7986467462316386 -0.20860517117254576
-0.7866953656964889 0.10858540669848175
-0.7799802696007453 0.08949455313507637
-0.777448478154486 0.1521370202670598
-0.7655419632529474 -0.03564370076072101
-0.7583405244273975 -0.09465567535441437
-0.7513560820878857 -0.0990806309083196
-0.7443693031796229 0.04806943794314537
-0.7315782719226407 -0.039931622939919746
-0.7301148528528765 -0.1573482092091496
-0.7208743157951851 -0.1411997435573184
-0.7169634438799205 -0.13530378619980024
-0.7047992747041897 -0.3884361220651033
-0.6961983498999436 -0.29559199973601746
-0.6934186149240077 -0.46166080797362824
-0.6913403052218008 0.3799085532813686
-0.684706041653274 -0.18557288368628164
-0.676997881585325 -0.08235402121167228
-0.6661355894000923 0.04267181674688052
-0.6570780841767506 -0.2782999228527242
-0.6500398461404318 0.3484768478406025
-0.6499052544494215 -0.09313204262538045
-0.6444821508545243 -0.4099837681311216
-0.6325762467087959 -0.41060561781328864
-0.627479366850229 -0.029939715983832212
-0.6248836706514692 0.4850012235209883
-0.6239775031996279 0.25379923011212496
-0.615842149197841 0.0818845181296275
-0.6078349929294614 -0.0346627935930984
-0.6031699247367626 -0.0615972676029371
-0.5924668655942354 -0.24553924017194345
-0.5869250607234466 0.10470562321106891
-0.581959571219861 -0.2985916751696868
-0.5732418788076107 -0.22232003469586745
-0.5703971969025832 -0.16229112926558048
-0.5679555413328345 0.38425655653062185
-0.5663499374165767 -0.07426335010764956
-0.5564179363776388 0.06590698215362178
-0.5539564071663527 -0.03632433112268146
-0.548191963457709 0.02796764202659368
-0.5414745975952704 -0.05289916810742721
-0.5343846268696062 -0.05197680588178677
-0.5296734053733585 0.01203801127857457
-0.5198413827074955 -0.007161261906876158
-0.5189182725140487 0.03757610976208504
-0.5163974345692767 0.06290719928527799
-0.5006400790556704 -0.11365441302848557
-0.49801679744061966 0.34614160856697174
-0.4968901877599569 0.10048044453830375
-0.49176499569801174 -0.27990890828810844
-0.4869552841772683 -0.0011795850428447624
-0.4848551376984413 -0.1913948080392266
-0.4782791302091832 -0.1669628609251484
-0.46766163705681624 -0.08399244979452739
-0.4662039721281385 -0.09841456839163941
-0.4631098790628011 -0.078395649128654
-0.45797726584763415 0.12993425121165425
-0.4517423270377755 -0.03914086634030614
-0.4458404065038594 0.4434643768474721
-0.4422497764424806 0.2600266484076638
-0.4407136267982594 0.1372181498820979
-0.43422199162170655 -0.02394873143890766
-0.43195437686735133 0.08441804343962309
-0.4233952889777156 -0.11171029847216607
-0.4189530421719571 -0.029605948076997277
-0.41772117807546416 -0.22364108402497193
-0.4114880650634235 -0.2785736723014541
-0.40590069544297186 0.5584625194614538
-0.4031304027239429 -0.3355897140930992
-0.39974701829999987 0.24436146136418543
-0.3960576968803318 -0.28363024419253924
-0.3897439956838464 -0.1950510530380097
-0.38781295474485095 -0.2523327982866878
-0.38231139298426287 0.026781231354983136
-0.38094602347110884 -0.2632182768279455
-0.3778686037805041 0.12361081765321201
-0.3691031531777703 0.041826410060042854
-0.365479281982482 -0.1069641906804881
-0.36153254940980484 0.13524551410943902
-0.3586948704519992 0.1742106985312974
-0.3547789348169087 -0.01246006023747097
-0.3531426484496781 -0.027748400960492994
-0.3477264605378475 -0.002703343767557528
-0.34363194394613866 0.009450911495222512
-0.3420252490042503 -0.01772554872696198
-0.33187173327869807 0.008643542948388244
-0.32764059877810314 -0.09082197195177923
-0.32531817562060955 0.04742926411014174
-0.32305010001149437 -0.06061719486916118
-0.3216518234127866 0.20164105516219177
-0.3150796111643676 -0.16581519547907436
-0.3148667602456677 0.04379803527655262
-0.3101729084534578 0.15266421583228995
-0.30501386759466514 0.10065793731206264
-0.30216396695886344 -0.036949210138307896
-0.29922611360256934 0.0013983070667528271
-0.297866175983013 0.04953353879265791
-0.2912508493365124 0.16541810044441954
-0.2887746060748607 0.2671033110729054
-0.28823970447543784 -0.22745810258346474
-0.2821197374480665 0.14015794988086225
-0.2794283997926717 -0.13342842621858508
-0.27439973031672915 0.058301292878752624
-0.2706891717095021 0.17547023818371524
-0.2677566577848925 0.3346853584880637
-0.26283990339714974 0.4746999416114032
-0.26076637088063326 0.08132939102225646
-0.2589762550783448 0.5638865054826155
-0.25844037231171674 -0.5123731886254841
-0.25414665041121437 -0.11190463149210127
-0.2513978386881105 -0.048720023766103175
-0.24986408112793562 -0.14516581238308207
-0.24788316151329914 0.06928623576521178
-0.24535033786225546 -0.20816636943453007
-0.2418130882170174 0.11562189423289297
-0.2383753935977037 0.02563061833050539
-0.2350321518709234 0.09308484789693655
-0.23172355003650938 -0.01989094264454869
-0.23043406618483497 -0.04763000664955953
-0.2252194191342107 0.1721755421880198
-0.22358611579529844 -0.07519766728246352
-0.22003377788595593 0.043454516038954394
-0.21522723291283102 0.12759430570002003
-0.21391821273264477 0.047239317797798434
-0.21055543243694627 0.052965808797834725
-0.20602382482454726 -0.0031394348988701315
-0.20379757609690424 0.011749537995759188
-0.20227040205904145 -0.06039620800789848
-0.2005811791008125 -0.09272909537843611
-0.19771901948748227 -0.008839276088577947
-0.1948422606625141 0.07954842850340753
-0.19320756362406222 0.016977822566541637
-0.19295328994696856 -0.0603142254290912
-0.1908741579884578 -0.07128626899680798
-0.18586394871457165 0.041130199653291594
-0.1849525923986886 0.004425725199529169
-0.18194803501885282 -0.056543529575620734
-0.18052450269969686 -0.1256783736157383
-0.17922419994573463 -0.0950550287573946
-0.17466465300219036 0.04700620962380858
-0.17161475544127075 -0.18382680846865573
-0.16953708351231112 0.35725563737547206
-0.16745739530865558 -0.3514979144697609
-0.16519205925997255 0.37000861475338653
-0.16376564591334747 0.3335295540881193
-0.16159486368669743 0.39969261570187997
-0.1600519325800991 0.5879499629626638
-0.1561645388654593 -0.4708898038499845
-0.15526659533277687 -0.10605590097170606
-0.15437778896866558 -0.07940073729944185
-0.15036448788615756 -0.3558972517056065
-0.14791760316126215 -0.2907651152475869
-0.14663503632719851 0.2615618774553479
-0.1454313898626126 0.23770858784201715
-0.14267450320383002 -0.15332272650932188
-0.13910900719748928 0.31462491061461983
-0.13901855474870642 -0.31009738352612604
-0.13668362254987168 0.22115788648141166
-0.1353745223967396 0.15983416963927954
-0.13329371521306754 -0.07993103485738436
-0.13105370471279862 0.06452285651688221
-0.12896754616419906 -0.07933528866833091
-0.12765222212916924 0.0016317886891863143
-0.12651935882595539 0.06861577929538709
-0.12454681676751014 -0.013885544153704113
-0.12247085061455916 0.0207352180396491
-0.12081674050887903 0.01076642076145322
-0.1203170429076118 -0.06025624150761328
-0.11780391846168448 0.13743846708117516
-0.11514628094903853 -0.12673250742177314
-0.11348664763742247 -0.03297272587127816
-0.11179904805300638 0.16450678661999096
-0.11077299804020647 -0.16058902498625535
-0.10804227408238914 0.04765860128724808
-0.10626218897453153 -0.05585994443720627
-0.10479803857773812 0.12929798893259983
-0.10384458777313345 0.2457061661661309
-0.10197772733121149 -0.056758502712374446
-0.10145744996038761 -0.188269140452774
-0.09927690814536615 -0.24682877376876217
-0.0979630424808544 0.37330017561568724
-0.09784941300745842 -0.3907209006809158
-0.09434762490327765 -0.12161924393926295
-0.09270716254315182 0.023971578432476895
-0.09201675610752141 0.31651025974813185
-0.0908353911013659 -0.5251901035048765
-0.08904918809617283 0.19159463096143306
-0.08679472986816159 -0.144640755248727
-0.08464306720150586 -0.5361467907772713
-0.08435709744269307 0.14647831444667894
-0.08362432241709021 -0.11139795437322066
-0.08219166761529943 -0.39980754093637044
-0.08058495154024463 -0.0905515658844591
-0.078548286750953 0.24618539430051545
-0.07798056979962616 -0.33232406442757456
-0.07703229186698936 -0.23812193563827574
-0.07572117965610771 0.15881260913596873
-0.07512711646407197 -0.10904880488051534
-0.07389539796229616 0.025582513093371537
-0.07358605805367797 0.08175171284116264
-0.0718139832667633 0.13205483725274114
-0.07008060764638059 -0.10540830892182444
-0.06886026535242391 0.009404742591001153
-0.0681012274753582 -0.19357905304416143
-0.06716800832756521 0.08229076064565712
-0.06500712598053321 0.09499204366915401
-0.06407466727141889 0.03938498823843238
-0.06183045560732534 0.14440964560642475
-0.06166662457129998 -0.01979461599374263
-0.05973871440921098 0.10362941336797861
-0.05961270123253618 -0.01898068546986616
-0.0587781311323152 -0.1811653540549453
-0.05728901557840791 -0.12963628135584182
-0.05578348393894489 -0.208157649690459
-0.05471676408438392 0.08735976081382521
-0.05454086140310438 0.2565530036267297
-0.053108815503080165 0.13713525124925235
-0.05206768142175201 -0.3032391829226567
-0.05102509243400415 0.33291639616915514
-0.050330932775962095 -0.3356501861227897
-0.050065462137430745 0.2941829759594328
-0.04873468804905188 -0.42344313679773926
-0.047672347760453454 -0.4388577867213536
-0.04661870830263456 0.3489029920486591
-0.046139013115302295 0.4187583156762271
-0.045576613502639966 -0.10521305604743629
-0.04424219319566797 -0.5028897846904519
-0.04295427535784381 0.3859169206160711
-0.04266913324648862 -0.48141377312902756
-0.0415200411107225 0.21939246261106127
-0.0411260198140492 -0.4486736486562232
-0.040384730494496486 -0.23725831745031778
-0.03935806357995038 -0.07158200164064395
-0.03881967296802714 -0.20522611536587215
-0.03734215057606113 -0.1856614232266742
-0.0358862429454033 0.15181220505308593
-0.03511200887498224 0.12710735529286815
-0.034699473989664616 0.16277075277678843
-0.03377808394836172 0.03335973445275232
-0.03304901789532964 0.01519617739303162
-0.032400060888517664 -0.007286887568705891
-0.031871464942227014 -0.0022612740530533206
-0.03141991453971431 -0.0216991703161726
-0.031101126452193158 -0.022094566035419472
-0.03069665794282409 0.04085528337729044
-0.030152601500891035 0.06352144935783724
-0.02960127966495015 0.09669579539299286
-0.029092008624867688 0.11610848094327479
-0.02814787279744699 0.12310278968886967
-0.027883718384573455 0.07949220495363105
-0.027208863475217004 -0.1700255403605686
-0.025819093579203374 -0.2452608330611648
-0.02517935284979946 0.11096124391596593
-0.024483149072595137 -0.316711658081445
-0.02284220235548516 -0.18875946156324844
-0.022592613461960825 0.4624142448672695
-0.022186544019164214 -0.5263885492240749
-0.021239063674313982 0.4995734219742807
-0.020493868375938033 -0.4628488616143551
-0.02010977748946389 0.08568016120328953
-0.019257644482605564 -0.22692040911153713
-0.019130298277659618 0.2977913216257301
-0.01869951017042854 0.03862406994807339
-0.01822267139169002 0.07773723680987087
-0.01773450596841733 0.07852891603744865
-0.017632384473156307 0.06684266155561637
-0.01728652472327192 -0.054928344067059084
-0.01703450834495885 -0.009086210189325187
-0.016970103014125226 -0.020772621916897858
-0.01644529340461862 -0.011550471095882866
-0.01552871115612013 0.27505185601324134
-0.014874019403694563 -0.2263278197392196
-0.014660374132121548 -0.09642453643693223
-0.013289966676469013 0.06189236267310084
-0.012648397784610505 0.23474342124719066
-0.011802467461912661 0.19172772974909735
-0.011068035722471573 -0.11694353793680594
-0.010570396837488297 -0.3348024812365916
-0.00994770004733545 -0.3119118804121584
-0.009673409966254083 0.27403167897742725
-0.009510344144231927 0.17268312915359366
-0.008840513743572897 0.2265990826288879
-0.008513352067325645 0.10946832926132039
-0.008360953052198842 -0.13015167926902366
-0.007903781302052736 0.0596027405239945
-0.007708947472173068 0.11466893857347085
-0.007433818706311235 -0.013269538133930555
-0.007201122965393302 -0.04455896551297235
-0.006202078456865691 0.17620559476201825
-0.005411287572509406 -0.4950433559500026
-0.005103306744247985 0.5805976072342833
-0.0045574158190262145 -0.17148319827497555
-0.003907298044073779 -0.16764774102815944
-0.003439788893889826 -0.015634042550218104
-0.0030635205866930163 -0.09285053177544347
-0.0028214877973214807 0.034327185056731546
-0.002524022289808726 -0.04548930619499603
-0.002442008701949893 0.04506666884132486
-0.0021462801735104313 -0.043715667976795464
-0.001963157929381152 0.11435700462355114
-0.0016792082731702026 -0.2088333578656158
