-0.008464318607132353
-0.04491050993964834
-0.06911794737123708
-0.011350946247108896
-0.21535474860358253
0.18491378531422228
-0.0678050751648917
-0.023436095933290293
0.4009391302727443
0.04016019003505716
0.24986772720135964
0.09290463503278788
0.2005795553824302
-0.08402661022453099
-0.20645254956922932
0.14851943334578954
0.11307479748514912
0.044625907637213476
0.18186578546379753
-0.06758232472918624
0.12004207064494109
-0.0558907156795299
-0.143323546539929
-0.06839020945061275
-0.032787049202015625
0.031554156577813054
-0.10792666920831073
0.13416786868902772
0.04387743063036838
-0.03444681890116303
-0.04592911760668834
-0.059199757389414985
-0.025858396795851113
0.03131776433584923
-0.000670771191428908
-0.07769832458486033
0.04096498811552208
0.00921380233864923
0.04421643801768294
0.007135065513670604
-0.01456861551970719
-0.023788852751502273
-0.02011349661203848
0.017207531025203754
0.005826502277726142
-0.0023893620918152016
0.00024184108876215782
0.007334845137747125
0.037479668152327394
0.15111056025605096
0.20408184165886015
0.022404160450243422
0.49172174121488504
-0.3319396178139073
0.11441061512503674
0.07630209035486138
-0.5288606570082651
-0.04312474800391381
-0.1377392409857198
-0.14889085783687903
-0.18116341749516143
0.04613340912439597
-0.1228610823869523
-0.10538567713981666
-0.12219954633853046
-0.07961973323808691
0.10050272344952836
0.09537305013616548
0.060225516228297714
0.0357260422112466
0.10373249798243672
0.048467648609566004
-0.05975949658162645
-0.0581770099779391
-0.13039320259357776
0.012752321664980207
0.003356815497940159
-0.012416727159646302
0.050670078754085725
0.03812768981681461
-0.057130650458768854
0.08938155481913643
0.019683079356034715
-0.003968188260738769
-0.012765379207427114
-0.036310434581296396
0.022474051922055583
0.0030192851212147063
-0.002270510145441723
-0.01820922529022677
-0.02006627097552087
0.02790475356717598
0.010847531487847404
-0.006128041402091538
0.00379563720114674
0.009201160389594443
-0.1274392056823684
-0.36512215597746694
-0.4103747466109646
-0.014078287934029975
-0.706189919174142
0.2766784223304391
-0.10565646998837729
-0.1735519606780441
0.22279950768299847
0.023674076888125898
-0.26335557829570866
0.16133279510437737
0.011716904125257104
-0.012544735297409071
0.4000004390503503
0.027949111165469134
-0.05580580452036672
0.08623166817518027
-0.10640424000220061
-0.04001069690607122
-0.13433023074477524
-0.07991521864244949
0.08468791589842412
0.009208658876014516
-0.09096314535434936
0.03190882060505921
0.053856056643113936
-0.003263878238645286
-0.015736715777995482
0.10959526498039905
-0.016238042261626055
-0.045830021912006746
-0.0844001835954485
-0.02224078647827299
0.017429702621214935
-0.0034238650768215907
0.011265539454658255
-0.038672190021425024
-0.012346282161738437
-0.004172420862615414
0.013861443663243494
-0.01599497698526494
-0.0035577290833881644
0.026824000486304095
0.01052794202187542
-0.007497163701266195
0.008119967327067542
0.007774507038906485
0.33393772472200806
0.6440090742153818
0.5420526700892225
-0.05273197265851352
0.5640404440091457
0.12596465002820445
0.049433180712913985
0.26804265390386844
0.25798000411220345
-0.051721104439857384
0.4011173285130012
-0.11988830824731898
0.1112531031282823
0.11896571155727545
-0.0703167654809422
-0.021936981455041103
0.20113402578677078
-0.07789666329838589
-0.17683507556911782
-0.04515244929293152
0.04375073765992947
0.032825947905653304
0.01454601295434989
-0.015079468333093014
0.14156088324709923
0.052012097580322214
-0.016330506358069177
-0.1624519547353343
-0.019691310584191206
-0.06063194071423333
-0.017968924330328248
0.04336817747917502
-0.04659946129358498
-0.04403485525176061
-0.0013733063224135155
-0.008367317443041153
0.0479267619717753
-0.0010989664814340869
-0.021310888649776843
-0.006323005745086546
0.011809772928835022
-0.02356551767586619
0.012680447765993063
0.02048986804367691
0.006757131369384759
-0.005871367455047865
0.011010739430963527
0.005171091219561058
-0.6848182447110535
-0.8014114506717207
-0.34802756750319613
0.18974487261687714
-0.08646628120631282
-0.5549070598521397
-0.06353660471908523
-0.23772786091546871
-0.25573522759699796
0.1607612785667403
0.055393466183316364
0.017979353333810576
-0.09812099827471026
-0.21967640476935552
-0.22376449133036866
-0.05505223206896827
-0.012834688309117897
0.06842074606875913
0.09978638145338345
0.040706255437043454
-0.040284345968286686
0.1323857942142595
-0.14357699324870635
-0.06640026257558074
-0.05333136599667956
-0.05564502843828844
0.1396118143946109
0.015141846474201607
0.029099180306103332
-0.02446421528791063
-0.022654942398266778
0.08854885327880009
0.01570105755765889
0.012639409827431756
-0.012379525705998675
0.012676273412639622
0.02323695100974197
0.026482430009574943
-0.013986426365926147
-0.005891102963786241
-0.005252539988166374
-0.030191971657513115
0.018239774877809572
0.014483581498298745
0.002894893093806983
-0.002501424362584165
0.011492606603628384
0.002756087420673069
1.105164932074766
0.6208365784469944
-0.2627132911190854
-0.3320933737208696
-0.1789830682186023
0.4075883313942679
0.20958954385930195
0.0024094008690526414
-0.08094281204143812
-0.22238246383088325
-0.29582863446711627
0.11590126803506802
-0.0053326495100874316
0.1096237338388424
-0.10421943844893071
0.17070861543353058
-0.1718632752315894
-0.001368663989307377
0.01625839883266198
0.06492196158382219
0.08841585936939961
-0.13002612222648247
-0.09650909359558933
0.10161278546756118
0.12104449749867176
-0.025094752088780373
0.02244824794076362
0.06423791651538514
0.03130941803842843
0.056249084833117656
-0.014185845564003057
-0.004723716852693967
0.0530462631026255
0.02230095292957187
-0.008315205646629454
0.017901064766350696
-0.03121369375167194
0.023040733564542056
-0.008735980361467244
-0.0071656573743392555
-0.021339395962950532
-0.027366206044441038
0.013412952523691289
0.010401996306524509
0.0009274453520971168
0.0008051254299501393
0.00970624792375008
0.0011243097055572608
-1.1998435868010304
-0.20526492363025575
0.7732434068742395
0.33965468153458406
-0.03245168236690802
0.17590404039938878
-0.30545404947494165
0.23997998500910495
0.046863702539833914
0.13236821823937225
-0.17819560426600353
-0.1620248784113756
0.16201300673563465
0.030477584086545953
0.22702243192143975
-0.05524688232775058
-0.03524161233040366
-0.0966162654550683
0.24010729301916978
-0.14712536229349799
-0.11189002471441954
0.049415455343382195
0.05429171462836505
0.014005957810428273
-0.004926278041199806
0.025112093503315
-0.10387859223019937
0.0170269649037001
-0.01861167326628104
-0.004477894503644702
0.02695436516327236
-0.06995053274860032
0.055479259426257775
-0.016487186544600192
0.0020955744838900728
-0.004476115728815356
-0.05292683490239304
0.004362330048691567
-0.008888564530734316
-0.009419223541694258
-0.02448666658117227
-0.01621310726374133
0.0048023700949283935
0.007264065957504609
0.0008123461117533114
0.0026025043529819946
0.006489880096720021
0.0003112614723439567
0.5936817705975489
-0.019766335571420143
-0.4931399729458402
-0.15590082912740144
0.14306016482761094
-0.27750763289415986
0.16374126597547717
-0.1756507736408414
0.09563446926858926
-0.02193658468679443
0.3285695271022731
0.07538294762334262
-0.146618781051801
-0.02625550866541056
0.0034986061637343247
-0.06373846800838145
0.14801487510274977
0.07669452787483412
-0.2322918331001886
0.08951227082505454
0.0856670989522482
-0.040693262707487105
0.14400521560256319
-0.06825315988033745
-0.13335975090351185
0.012366383598750875
-0.022060507872724185
0.042262288178634214
-0.03735173613534466
-0.05372427456582772
0.03901134047691763
-0.033283038708125226
0.0327843749659871
-0.03051069039653526
0.007024700191149572
-0.019346793882205816
-0.02919779986292
-0.005988590973349847
-0.007290725415807335
-0.008113946362827197
-0.014330643842134949
-0.004504292003692492
-0.0007351542248565742
0.003813407854012734
0.0011091815454015344
0.0022547237766700283
0.0029324612277023083
0.0000513684752189472
