-7.124043002235326e-7
4.499933645147047e-6
-0.000010274783453503526
0.00007079708059917683
-0.00006423229047394971
0.0004443342263831327
-0.0004795218260469945
0.0010162031719650334
-0.00006740532150560036
-0.003825653407651289
-0.0011187099067348886
-0.005495499335360352
0.007146663535795659
-0.0012159540640818234
-0.01306646252782897
-0.0007927322333474141
-0.014090056871044096
0.008199978461443476
0.02863071753855605
-0.003091995636567487
0.03153566019063218
0.012584677470088812
-0.017087656528582722
-0.03255492984744713
-0.0016552488713998347
-0.05419068948790407
0.02531989396654985
0.048397227848329956
-0.003777239327437707
-0.03883713524605028
0.029841615244635026
-0.049093258177274154
0.010979502982113979
0.10728004468811521
0.01882885813412354
0.057816230490748834
0.044742190572789324
-0.03868516797145485
-0.03805982226935709
0.02506969371044957
0.07975108900180407
0.02637016782115434
0.0005171505510615051
0.15217438085721258
0.019190136820042353
-0.06010248028207982
0.025847043197482742
-0.05459395546330459
-0.06137592227922796
0.10031535383990936
-0.006571698771226006
-0.004222692886517127
0.03394992019649531
-0.027985587072190253
-0.08800482019733587
-0.06868307243929923
0.12736964902363565
-0.0061497942864420976
0.00844946417193679
0.01900787953883472
-0.0216950925097922
0.08004764405224629
-0.02915449780620223
0.07734018346460672
-0.002947634215765035
-0.03196827081389334
0.03693929134420844
-0.04222059189209288
-0.0447332377770597
0.044323612691311715
0.03473011967211676
-0.0866480213546329
0.023867611640235452
0.010861054563514338
-0.05452932326090296
0.02267353365912259
0.05706274847463671
-0.0031969335727458233
0.026538679628508612
0.05004628412727654
-0.020660040278709713
-0.0015923767010741845
-0.05507442015313607
0.030530253449597988
0.04397509130312044
0.00310151854334006
-0.016549949067955892
0.04901267975961667
-0.021601328192410865
0.05829353332748535
-0.01227437720626629
-0.021508445444815425
-0.03420033407075162
-0.03518154099475072
-0.006189859469581679
-0.019713702174042187
-0.049644998935582815
-0.006392082887541632
0.02675188711632579
-0.009893748439811846
-0.050076315937473005
0.005674360809672786
-0.0041895531056564145
0.021428980848125927
0.020934128239988727
0.05182337109051961
-0.011642492801797799
-0.007998601017323179
0.05068747957428352
-0.03602422318423276
0.034704750435319495
-0.00916981255887643
0.01612958646296601
-0.005771824564439873
0.001301291668432519
-0.02232493866564701
0.035835224184751456
0.006364712194423876
0.0025177095501725307
0.0028160842746032715
-0.013108063453745294
0.05772518893872639
-0.007881188364628358
0.06560892946052166
0.006712960881286719
-0.0021132411654366514
0.0014449479250619312
-0.014410549193397557
-0.028757114440424156
-0.005407228239830009
0.00035798923763547756
-0.015811900979855003
0.004416952517635999
0.004878345093632165
-0.0054201663804557465
0.012514164012835968
-0.02446274492262752
-0.0256467618300192
-0.0003946890326235402
0.01795991072793336
-0.017059154969939587
-0.011596594112755208
0.006130288859121625
0.012344495674551982
0.006769577410507331
0.012759195565431768
-0.005470339263553195
-0.013507321733429849
0.009893204444132822
-0.005187032519138206
0.010587743319012374
-0.002039496579023832
-0.0025280057279282297
-0.0013630177597618361
0.012788428764116538
0.0032071330841271857
0.0156330072721198
0.009571125710864872
0.010917967523738322
0.010455956018852878
-0.006214455390116982
-0.008119550364383889
-0.0020846776001032736
-0.0011747260779299555
-0.006246818857131655
-0.004104363736618923
-0.00420430335924577
0.005326441113107987
0.001390770670276922
-0.007169918554345528
-0.00509165123270024
-0.01383008959220391
-0.0005886460861751796
-0.004226571188492963
-0.006384641037623597
0.0002753429501416384
-0.000013367997554849643
0.002411267635276428
-0.004827925119701819
-0.00959595000916981
-0.001735061990893989
0.0006867690029022565
0.003583881024663872
-0.005282649503972613
-0.002618128784873555
0.0014538176148697342
-0.0004239068799152091
0.002880055149171828
0.002764491617014604
-0.002623216462764948
-0.00022052563926373307
0.00524821560290125
-0.0024797029469986764
0.0013354556812029438
0.0023144056766895966
-0.00019417167548112067
0.0014743189260641202
-0.0010481713569274469
1.579983152053365e-6
-0.000026770324049934224
0.00006684026620008573
-0.0004358571433331496
0.0003618669927806254
-0.0023635297689096357
0.0024259659635797316
-0.004834656082319033
0.0003039610565144863
0.01703896077484219
0.004676580677095996
0.021947514973810506
-0.027260752433707507
0.00457150802739673
0.04739267268826749
0.002514116223005644
0.04650173187697798
-0.026201091137817763
-0.08944356001188482
0.009180942966727428
-0.09272166900039867
-0.034521610641910075
0.045334760413112456
0.0848826650146761
0.0049313603293113795
0.1341257261371238
-0.06057572606571827
-0.1163433622560569
0.004366068689688616
0.08278081071570535
-0.062459239131251
0.0982380172393514
-0.025058025236741107
-0.19936376388410956
-0.03191847653133369
-0.1108651709374023
-0.08409065747869772
0.0515446000885462
0.06302114383961872
-0.03365852488961807
-0.11387919480865577
-0.04717240629066934
-0.0024620001802525427
-0.1900058385110929
-0.03035274993407282
0.09461351175953327
-0.047090931688991124
0.0735645997163615
0.06453281387549285
-0.07434657419955754
0.010705893772716675
-0.0078104388581098135
-0.049370053352870064
0.015114134007330901
0.07704928860845814
0.02955554941943693
-0.13206697692082248
-0.028053840749720803
0.01782808879298927
-0.03814075615817447
0.010774623759566575
-0.06041561319245746
0.00965293517648059
-0.004093345681560034
-0.012295462442934814
-0.014084408068932243
-0.058660471396492615
0.009284154946205016
0.028051935784931193
-0.07859247497839374
-0.007121389407965051
0.0399959171425585
-0.002715720460628634
-0.010941428190914232
-0.0349381521449913
-0.05538706896111253
0.036628928212371965
-0.001648146097915252
-0.012524699386799242
-0.07155681358883689
0.009031563584483046
0.01320697750561662
0.019310582902774973
-0.012196492808917336
-0.04107561498891336
-0.015412514522133608
-0.01651557253636096
0.04873898895714556
-0.06973282310138275
-0.029481570868422475
0.016727954329575113
-0.004216033064106237
0.01482244437310605
0.026469336429424038
0.0019725262230373994
0.014441722938523319
-0.010666069400757807
-0.03485798109550964
0.027574553763705982
-0.018424386199491667
0.031068168324052025
-0.028617777014408916
-0.010345643248496319
0.02660356122734224
0.017290372189084798
-0.013757197084737969
0.008223929751129873
-0.027169811184873032
0.0359864095675302
0.006803554977022641
-0.005828748036065001
0.010883064752797768
-0.020399669099667027
0.014125084495315755
0.007276069623962852
0.010110528980908216
0.014993370002268889
-0.02648371242832207
-0.011100213794980784
-0.0076367895068507885
0.0225739590087291
0.06013318309809872
-0.0015085392301973006
0.020559319482283504
-0.011588390322666517
0.0018843719838400514
0.01511843763052863
0.004845177570826178
0.002643574545488854
0.007128587576963301
-0.009819972926543947
0.009003468730365885
-0.0023703995837584604
-0.005683491003420897
0.0054456876322477015
-0.009896462765298727
-0.039716460352136475
-0.039608157241941944
-0.015703023035330926
-0.0015399780175413844
-0.021481838266504828
-0.0006030611587626469
-0.0020846257765498293
0.005384596639971094
0.006527900694115576
-0.0057071346466475836
-0.007189921860383252
0.006952632685320556
-0.004588166350746332
0.009608866722984426
0.008065510976510657
0.000709633256532553
0.005313301044123725
0.004674379503313823
0.020935479242854313
-0.0013528166515655363
0.01934724627613923
0.0033832060703039486
0.00679258082223309
0.004032726704015405
0.00007896962793799469
0.005312922022593268
0.0016834689719218369
0.0039040461024237114
-0.01589158299227684
-0.002782237014612008
-0.0018742633438068408
0.006013809265732228
0.0010568841291729674
0.007486956547578726
-0.004517651169196424
-0.00939783438408721
0.00014132392395229743
-0.014881968929186536
0.00011760604744835022
-0.0011281982010596422
-0.00039462717549265875
-0.005893557252223363
-0.0027294962131404425
-0.011565577797996466
0.003018875637132109
-0.001038250486627092
-0.0014892275469986988
-0.0018849488432196209
-0.003397847621839067
-0.0013514970426621485
-0.0019213115007695888
-0.00041850902133461063
0.005032760194634742
0.00025534865065374634
-0.0012839709641559905
0.004022478615593975
-0.002424114342701576
0.001364797093084887
0.004496891212444389
-0.0021991188079498072
0.0021030889138575724
-0.0010058643392233577
3.698873562086493e-6
0.000137731822046235
-0.0003413367340255019
0.002099527966431064
-0.0015924109966017764
0.009774782312873948
-0.00947680346209249
0.017587576332453305
-0.0010361415750786333
-0.057507739413169445
-0.014719220583411675
-0.06509825046431716
0.076629370449271
-0.012722689270979182
-0.12549392617948762
-0.005123836569241225
-0.10887861819175355
0.05941819337282497
0.19587400060540794
-0.018478948654924013
0.18943089852912076
0.06238579788760382
-0.07718834174160387
-0.14593898149814916
-0.011179316168105623
-0.2125743100467736
0.09077680399130168
0.183404334374631
0.00960457990339409
-0.10147749893993101
0.0742219600612151
-0.10782886686257459
0.03935603177286985
0.19350424131548696
0.021624413426337086
0.12669633985277412
0.09609457299515153
0.0018196350389234413
-0.05072112814322651
0.004381811668289896
0.050608692634759145
0.052857312325988066
0.006602003985210464
0.04191825406767883
0.027699749265681944
-0.08832395310189733
0.06275833340962726
-0.04735929954069763
0.007376082548496267
-0.08643253070320994
-0.010850285507781363
0.03187369201482769
0.03808247853479574
0.03007056469068559
0.0052717016004434365
0.08342630228324475
0.05371871023851664
0.07469236856780542
-0.04932965064858533
0.04377298400874071
0.02256604790857785
-0.01707737758638673
0.02575609028405782
-0.08725323949826214
0.03311214677601741
0.06698698673316446
0.05239777790017363
0.005301565435255168
0.012258669942912822
0.06984132302168815
-0.0266120081608353
0.040800453579701065
-0.021084710010245842
0.015120670252850393
0.06239414877322364
0.03891403455592968
-0.07498263139152328
0.04246021127172712
0.0021415111354780663
0.03923504442575125
0.005380729913664033
-0.021189922891358088
0.03245005216585809
-0.005917066470777133
0.0036621145054985794
-0.0574932147964997
0.03155847002285581
-0.029196895379465196
0.045764302043625756
0.002686057893824507
-0.014918137678963508
0.022697488556702453
0.01909235179758398
-0.009988694711099613
-0.0026497312807240783
0.004854626094299822
0.10002954995143491
0.015782012658464198
-0.010647108869382487
-0.02802471016639435
-0.0034662176622241737
0.005182449942070878
-0.0009330691406951903
-0.025088975727623763
0.020896465249648173
-0.008652107863106218
-0.003712849289633136
0.030896695286076536
-0.046291604196738376
0.023123639112875082
0.013283195428827537
0.01794110754512936
-0.003943749291918476
-0.005853368960892252
-0.020480334586127077
0.021565626166230745
0.015078263121245704
-0.004314279767914076
0.0124649839081957
-0.009227869180425107
-0.006551982981415142
0.007909594571834608
-0.01432676337279777
-0.01861224952520586
0.007692066836624585
0.001162681569040316
-0.013084868875867746
0.01996703784977651
0.009802045173567954
-0.003937731459318169
0.01479713259098769
0.014221946119923078
-0.018601107298396
0.0031785057681352207
0.009048933850722814
0.0037781467046149103
-0.04574555581695818
-0.004597062072916569
-0.008034571634916221
0.0112708746753489
0.009306363933829926
-0.0003283224424434525
-0.001379268806275963
-0.004457801543214359
-0.011109054100993863
0.004144759927411256
0.00860471005901428
0.015289638981364205
0.0019830639446581652
0.010943974545987166
0.002158445125347951
0.018158089075249084
-0.0020408127693998072
-0.0026985239214140436
0.026286642164843985
0.0012096324957742786
0.0033260751240303623
-0.00007386832431592723
0.004344283199302301
-0.006795971072614599
-0.0036561020208299147
-0.0008312756516275967
-0.005605550836532027
0.013073250476036122
-0.005746027874398203
-0.001872422243247168
-0.005250498546345542
-0.00601718631077153
0.0023280796185568835
0.0018748370336062808
0.006761384918468577
-0.017586911218736505
0.0010706662745618677
-0.001605363639645094
-0.0044356345808521
0.0013776011907962289
-0.005179219699200685
-0.005473430900622238
-0.00816221759863358
-0.003968206115465253
-0.00039334069345616375
-0.00013990585249424987
-0.0013258657510643616
-0.0018143164485941014
-0.002043799415997589
-0.0018295282387814128
-0.003556122614298888
-0.0005136518608860745
0.003815558375619118
0.0028750591998215245
-0.0036259733252478367
0.002162851203461681
-0.00101966192011777
0.0003223305986617845
0.0046462187328340674
-0.004396846144506315
0.0018799214098872007
-0.0010882179439752825
-0.000030107591196533726
-0.000640439218146277
0.0014443743421178484
-0.008213819336718164
0.005682755606408266
-0.03261383976529755
0.029661748341868004
-0.050592675359029546
0.0027359976931515045
0.15185224730055988
0.03607521209472467
0.14690510111158347
-0.16233440024287538
0.0270575893787501
0.24748555226304186
0.0046481372775500265
0.18015559791272462
-0.096434587615184
-0.2982654278594574
0.02353952661696117
-0.26858224406120174
-0.06645086294471132
0.06956725693724251
0.15423629290052723
0.021005604859247108
0.18956353399870007
-0.07073172107520573
-0.18519967084306466
-0.05435884275385125
0.03983069400366345
-0.024653730458167333
0.022926936184261414
-0.04604119124858786
-0.01601719243149978
0.022673259957321248
-0.07845898943930373
-0.0684635013257074
-0.12400758115546233
-0.002666031156478276
0.05404110967162336
0.08775481315664999
-0.03914668183703919
-0.010737769509930165
0.1694312185880552
-0.014203088645481065
0.055214716272675726
-0.07623028084492756
0.01310970667428412
-0.09075582790575296
0.19455126433667205
0.005541684337942801
-0.03603694884718976
-0.0004310719715376816
-0.04703601934681336
-0.02465241233796088
-0.12491106276725741
-0.03441316612291715
-0.056682668709537816
0.01860676845385932
-0.012775970820481023
-0.041524250629228654
0.04712541378296632
-0.01992493393128285
0.0034343416547576735
-0.03719508649287429
-0.031986117630909215
-0.01908110340017081
0.07181093136638557
-0.02108450826610614
-0.0024084951432592
0.004851178118202016
-0.0456825668550387
0.013053926599714768
-0.028109711574932993
0.057909288560198884
0.010017230173473042
-0.030162480535953103
-0.07652710654206131
-0.019166009024686573
0.023111031047661622
-0.0000424588036340372
0.018754522102854252
-0.03779265928237586
0.0017931238252047324
-0.0054282747473073925
0.08098749850469024
-0.014995225951452227
-0.0671225792216558
0.061520969568180206
-0.00734423456499549
0.012807270303790592
-0.016346274869025762
-0.027016212786200883
0.016958453188111487
0.020079764892910888
-0.011476205628597885
-0.0067274839505859635
0.007903764422030187
-0.00889232978415779
0.05197560419125672
-0.0023570492239836567
-0.0011180946640609794
0.003739039885088528
0.000017546800293801753
-0.047591589250137796
0.015738298720825175
0.011572950508705297
0.002758546775818137
-0.06790258857971089
-0.014646103634491606
-0.015241414829297816
0.0022361737357015675
-0.015077385259200457
-0.012795394230145071
0.016193627122884708
-0.004194483508347862
0.003970390032291984
0.006782671403251905
-0.00965637758233449
0.006436622148164763
-0.02424653863006957
-0.031249312800651196
0.025601250026163373
-0.01927800133105555
0.006859101057599137
-0.00893724887823849
-0.0009267848713721998
0.0024022427039941917
0.018765959686351915
-0.014240663630461782
-0.01004403176068066
-0.004299255380711059
-0.0037594707403278134
0.0029774940506898375
-0.008086528062608138
-0.0007143856198604223
-0.010657746912137698
-0.0179702046193509
0.021550576053094378
-0.007142467104445065
0.015492310349091393
-0.003962956957829497
0.0015164924963485898
-0.010226021825118694
-0.003495611904614045
-0.0074682929796248635
-0.009735487153514565
-0.0020211761775722234
-0.0008343675204987632
-0.002810075267547715
0.007429568609313165
0.03821514820853674
-0.0012168558494964558
-0.0014071278450510588
0.0021703431681292544
-0.0026426014935943916
0.004687319535651192
-0.010000851984595823
0.0023545777796965413
0.002956087039420717
0.023263025294007714
-0.004992718567647782
-0.00103069014251723
-0.0018337036436003483
-0.008186879036246392
0.0003778996861506056
0.008318106372738051
-0.003721636112096629
-0.003258192327927711
0.00461856142282695
-0.0034703190466372404
-0.010802486168466649
-0.00014633233786840233
-0.0034264002681697655
-0.0010092354495276326
0.0007611857976919773
-0.008617126763865135
-0.0033682498465510955
-0.006329918743096996
-0.00006582580574737689
-0.002857049736881577
0.0008778022210548297
0.0008907540234522995
-0.004548393948981621
-0.0011459637548688769
-0.0001303902048007957
-0.004350971979019757
0.002066937373317174
0.00027417990940415077
0.0025283140051752867
-0.005020978482712883
0.002846952197945671
-0.00039772453587700853
-0.0006106445500953447
0.0032585716809819865
-0.005839454436923112
0.0011611120772598495
-0.0015035641363673094
0.00011802964655456949
0.0025749461031517565
-0.005177515058960479
0.026800228282474442
-0.01675849028564048
0.08924349325059922
-0.0755679864872481
0.11632722196113571
-0.005536514887220216
-0.3161738490680449
-0.06972186807337033
-0.24929483929940757
0.25521057860379415
-0.044410526710810444
-0.3561046121636851
0.010029214682591265
-0.1901915025245571
0.10673469227561434
0.2822018414854508
-0.010761388128564581
0.24658190536973876
0.010098424496461669
0.024977903481121444
-0.06080723102141278
-0.03435201707472111
-0.015052748845937677
-0.012944867918733272
0.1125485840604227
0.12452196750198023
0.07953279515600191
-0.06825979436467482
0.10572809474949388
0.04394171772301388
-0.17125797829170475
-0.05763974006010131
0.02978605151771946
0.051358892187429214
0.202672591117275
0.03469187149839529
-0.062499813247145965
-0.13425340659253815
0.01813451836616297
0.009202627456505609
-0.11428139388314096
0.003137723707141846
-0.03405427609459707
0.0900961560774588
-0.022190894114149075
0.0876622140721296
-0.03745071065623905
0.005064712765120861
-0.003527906406088984
-0.047708908203242056
0.0011840112853558989
-0.07507588123269845
0.0470167412789626
0.09811956402135234
-0.028185555976372616
0.05954536120306094
-0.042040745886326746
0.02729457149313539
-0.014543834019626788
-0.0030385063374693544
0.13783288862467827
0.03019104036639484
-0.027707085458660487
0.0019909060313383306
-0.09777979050842106
0.010574585956015122
-0.0543628959233716
0.03567123264508104
0.022698044821078244
-0.009103728412552385
0.028763244851125077
-0.07649806884118746
0.019311659717662237
0.04675379714745141
0.016903040791710146
0.026813273250198034
-0.04780509955533822
-0.009494541941217417
-0.0164259841334618
0.023738599440763737
0.002107781058847702
0.04821365195984687
0.059814336776296724
0.01721578170864359
0.004193831620753655
-0.04345433003101099
-0.005139479453887036
-0.009686403673156365
0.020937889139045956
-0.0021020442509250155
-0.01271527979728484
-0.023900132641361076
0.012150944275983934
-0.10050905340555114
0.02382173750705732
-0.020963827006457762
-0.008742065077286709
0.013035723142924295
0.033192373777244835
0.010693011714638663
0.014098516317478587
-0.014213568467716027
-0.0244356080594522
-0.018655244629600734
-0.003311707227559366
0.01936037329865425
0.012950870546369625
0.00027109763630359996
-0.022915433018621943
0.004759873376166449
0.024393502458734284
-0.0026274560144062317
-0.024434475379231765
-0.017939039154151383
0.006988691838175448
0.004622977896150172
0.023769291138878993
0.0016178440896467477
-0.02967337004872155
-0.004218762496960622
-0.045144746555886114
-0.002543007403919727
-0.004169968216571136
0.0028806928031038883
0.005376134954393017
-0.0172028655487761
0.017769573378378575
-0.001655885267914311
-0.00924478759440972
-0.006456883203696403
-0.007906301935670509
-0.017240965732914195
0.005468451247761407
0.008918802179605254
0.019439428449402753
0.00034048735409607
-0.006607059259907049
0.01059691155797191
0.008592163957243482
-0.0070877466828281905
0.0037247005486489904
0.008396821637712791
0.0018986996467796825
-0.009672029019014304
0.004496904552675989
0.005281299105984839
-0.007975442173835149
-0.027577408889963236
0.01607524424771917
0.002780589041460361
0.0013179845004732062
0.014272747716473437
-0.0007986952563224961
-0.011179120800499386
0.013692041054671651
-0.00951405430040962
0.001791168871932817
-0.00022061014694457138
-0.0021644704929641248
-0.003853236672953348
0.006392613483636181
0.008016978743621667
0.003522743949365727
0.005567159213065265
-0.0017724877043703673
-0.0018271799906333383
0.0018586822116415523
-0.008281516044301178
-0.007280987141949638
-0.0010541320331446534
-0.005319107676882937
0.005587156486853513
-0.0009446370039554678
-0.0084476485745154
-0.0018786624679257373
0.0006815868356297355
-0.002024627598351988
-0.0007297963647859997
0.0002736658577943606
0.0006318020727695396
-0.0046071636008516255
-0.001287382238269042
0.0006698493182124627
-0.0038298747301328488
0.0040738298718462395
-0.0028345751404557987
0.0008506653678149653
-0.004581891536494517
0.004827139414796935
-0.0010819433910035027
-0.0007231423473781487
0.0015698506793716824
-0.006310597424725045
0.00029516263678946075
-0.0020596213911361597
-0.0005166583080047836
-0.008854522359726086
0.01578682736486329
-0.07399624992966435
0.041142405295690174
-0.20133394904027233
0.15712893542044004
-0.212021450443208
0.008036932925783148
0.5123486725505915
0.10667091609610217
0.2976492009442834
-0.27651450127271304
0.05668282063299679
0.34337188763199156
-0.05450657326996609
0.06278714786107747
-0.06801249242172984
-0.07660088844493552
-0.024807352686778722
-0.12053351774186406
0.09496338931069971
-0.1830455560176781
-0.07328693353827798
0.047032103164644935
-0.16961881951677626
0.08282109837024153
-0.06517559607594531
-0.17212558529492875
-0.12374685927196794
0.11371462422952518
-0.12847517123589222
-0.028786795243790523
0.1034855591530245
0.017863915915441952
-0.0468740350609798
-0.07737901108648532
-0.13437389802501976
-0.007839313965462653
-0.032734324647484304
0.023482845149145618
0.018938484897633265
0.00043918530337961454
-0.17641014327395574
0.008050604733241486
-0.0020841345015283515
-0.08316855533159899
0.019008578987080072
-0.049915485039510016
-0.17716092266229178
-0.016858368773633746
0.04627696918975254
0.07285985928063865
0.025520371956010483
0.11632960647396062
-0.02989169921920554
-0.04457785119887411
0.05384465939923014
-0.0552447278980407
0.06123774593912991
0.0005275501866222182
0.0011158814691418
-0.03249152165275699
-0.06318891852038948
-0.03203611655735285
-0.0029436084753614615
-0.026876946391917504
-0.04655768445779904
-0.018304403792935388
0.031570758154659186
-0.043205182524001504
-0.0257921450160692
0.027189774813278448
-0.013307304531665518
-0.03917849741968803
-0.0716331796918732
0.06616287534548901
0.07022361827632688
-0.015570465235878976
0.03175140373073095
0.01349019765644474
0.013979406059968226
-0.014417711844145488
-0.020239238449156854
-0.011491329060594127
-0.08886088840150211
-0.022215238314530306
0.05224356890937478
0.009618787708156938
0.003801048050863719
-0.0016901326258108107
-0.028478586619956593
0.04088508557837667
-0.014534546143604126
-0.005796348305450275
-0.02416771334207021
-0.020024002753717882
-0.028402546734392683
-0.02091990253772797
0.011915214698321692
-0.009545641147621456
-0.014890880004531815
0.011089766808731884
-0.03230641357634944
0.025928542286348617
0.007488290251257128
0.015135486663736425
-0.007036858624677603
0.07230382144435823
0.00545997952226326
-0.011802455645248962
0.010170028664613175
0.0424499451565564
-0.0076744538930119946
0.008621712988611188
-0.006566897499298547
-0.020976614524021983
-0.004652911457097402
0.008479631071530644
-0.017853458387213028
-0.0011465359881666917
-0.031124313675139355
0.0000402397669774977
0.008301880389346422
-0.007672917673669517
0.020957892888103923
0.006124819639023526
0.002070088048653719
-0.013793060670142982
-0.002539306942622776
-0.002715119433999777
-0.0120595133995661
0.004310877348839129
0.0038779923961996137
0.004602523614630747
-0.007380570509409227
0.01356166457214588
0.043798184335910574
-0.000899130160243594
-0.004769852688422123
-0.016620357066016805
0.008244337368741438
0.006197747504506883
-0.0043610713944796054
-0.0023737719299662006
0.004853270264716884
0.008857632765037893
-0.02935974312962666
-0.01113372119320348
0.009115868432614554
0.0007231657339316799
0.01643558835200181
0.0010764802483648225
0.0009911235308415365
-0.019212592072053013
-0.00011916809681520793
0.005698090419406842
0.005547663798867564
-0.0038895390276644233
0.0017945495958771617
0.003297062697828084
0.0032035580298350364
-0.0016990963056438555
0.0061625438480356265
0.017640254487697786
0.004528552481562571
-0.0018648184071329249
-0.0008486325120328912
0.0029155919996752835
-0.0017454394962809583
-0.00210081403945846
-0.011425691793572773
-0.0005278428019712205
0.0034903259253701844
0.0062289693444985686
-0.0004552558898775449
-0.005487341954401956
0.0007303730118570549
0.0032664179389910704
-0.004537179819624631
0.001573226048378316
-0.0008202894015696101
-0.0010717621537434858
-0.001263182029949686
-0.0015483190011359232
-0.0004389066057509317
-0.0021108238262184296
0.004358392128433934
-0.003947436920478156
-0.000014501779067926484
-0.003241770598283072
0.00592580098107244
-0.0023132829718357888
-0.000027240830186545383
0.0005045262157712828
-0.006004938261954643
-0.000493195589604478
-0.0025315882943097246
0.0019126116686686361
0.026522805890577657
-0.04136084375814352
0.17339624126451011
-0.08384248023888104
0.3723486955387399
-0.264505761467253
0.29514807331612625
-0.005958195911794585
-0.6170024495485759
-0.13061882687349266
-0.18771670086305833
0.1516153223740589
-0.05893092792036682
-0.15807682369954212
0.1332653947603482
0.17402132037096987
0.009074092789906176
-0.18675599344725227
0.06033747381726154
0.037200545587941926
-0.15931895881323044
0.28148149942206363
0.10288419969428969
-0.04313401537346189
0.13200620457674506
-0.03417827972841811
0.10980996431078191
0.13991072825883405
0.010315853003131065
-0.06884700165752032
0.008009354778720694
-0.0224931965226204
0.14537679893193634
0.07740870813514121
0.05164258878844107
0.07400786299207283
0.013827176853936274
-0.0010977260701224593
0.13907148883747855
0.05657201266946057
-0.08301956232639637
-0.009768567568348062
0.221959120654289
-0.014869484936181938
0.06769638209852537
0.05219394893650617
0.06167495292313748
0.0717537345001127
0.0985736704535078
0.014530809930369561
-0.03761104164754737
-0.014098104870091768
0.0238405200598426
-0.041202366201426775
0.09973025623642098
-0.1015632807198144
0.010883942079814557
-0.045379324197926195
-0.0191371577566271
-0.028066939597788363
0.03593774358967749
0.07317605622362383
-0.05376975759974492
0.027181554536755668
0.02236852266550068
0.030644795857353323
0.12206863795628617
0.020079003801179746
0.02341415768877636
0.050419709779843995
-0.016912075970585576
-0.019346531767764547
0.007607856312747168
-0.013166134297056148
-0.014333354045853956
-0.06130475135300351
-0.03425405426270959
0.01599773035465598
-0.01052639052993414
-0.023108983415312166
0.0010951785510723928
0.006178385651390403
0.04761938629137931
-0.06786045184637123
-0.05562605727035318
0.0023852550578716573
0.00434853566702713
-0.04495854293452625
0.04071671510410696
0.015266943265224951
0.012619709882305164
-0.01945305731437224
0.004859465072598188
0.024129597693923983
0.02307515183436654
0.044556586535727256
0.019770695747482955
0.04063022275127079
-0.00449486128557127
-0.020199761165453918
-0.017420530493274754
-0.03358823342317993
-0.006233966076410674
0.005464838434641703
-0.01379868315061056
-0.007280073027046373
0.0033181030136811077
0.04014071245240424
-0.0370819161944854
-0.004427030353048536
-0.015352371379432917
-0.020081446800187794
-0.007384529281709161
-0.011011354895082629
0.021888924879475632
-0.005795655892852189
0.03139364705877965
-0.009586590791992899
-0.011641752566897715
0.019963553215639116
0.014132087204879391
-0.007303682728600374
0.011257763594832071
-0.005265852033627989
-0.003380481511360634
-0.00032696792872150476
-0.02772620618671023
-0.002071462605313205
-0.011021452462264084
0.00009896095994482017
0.003006286111764709
-0.017874333115354066
0.0070121153117209
0.009901102094844023
-0.004371498148903785
0.052852992779302915
-0.0026210179170380577
-0.013841956760007938
-0.005931385067653251
0.011532914006349058
-0.01310660247237639
-0.005717041984553349
0.020844301046422792
0.005814490887474581
0.005384459393073166
0.012697927398418105
0.013948691522927837
-0.0026806016533758646
0.0004657331850439622
-0.013668782690707364
-0.011155657279097534
-0.002052000916413779
-0.0014196870976083578
-0.012858018199561859
0.0029401071271246354
0.009627683298547166
-0.0034379295806481686
0.002059858655610228
-0.001889008786453462
0.014728584077622196
0.003922837934589652
0.004077232240893906
-0.007667691517938449
0.010978111459455379
0.00243736414650949
-0.00041635229966045263
0.001979890121084768
0.0030130024103984785
0.003270150276913868
0.0007365376642214733
-0.011082979423171761
0.00020120343577655243
0.011422323706453928
0.0031916366070817753
0.0011094198623857448
-0.0010100503882663485
0.003341854359941497
0.00018812407370258902
-0.004209692412880109
0.0010018027601227954
-0.0009578845187545982
-0.0015246569523893812
0.0022501608202913368
-0.0011355662002482277
-0.0021476561180414225
0.00021348790799393923
0.0037035564212864244
-0.003215164434960806
0.00046695806825285466
-0.0023501353560871218
0.005292142924675244
-0.0031058095677582004
0.0010277304650230445
0.0003702474933893649
-0.005242693111196072
-0.0011037916632626716
-0.0028004474387844326
-0.00612324332195815
-0.06956181500359394
0.09323576844586334
-0.3438838671122202
0.1394490520679895
-0.5525817190776441
0.35186922758749395
-0.27862622601690495
-0.0072393644534352744
0.4806678090748252
0.1371726773889701
-0.10426668775394399
0.0770964403343524
0.05931689569014278
-0.06418904261988084
-0.2171332422621442
-0.34231755913767226
0.004307787641563782
0.22332931815578433
-0.05279309602810483
-0.12431838405720154
0.09641227641194329
-0.21670472619476897
-0.00636009508367815
-0.0021618581096117875
0.10658203357720629
-0.10303799924349953
-0.11147575292900667
-0.04181271077149708
0.1254697946868258
0.03144936262827488
0.07889020842579313
0.11368191957082414
-0.1879191948341428
-0.11007572597047917
0.04721944579513119
0.005612273177352869
-0.018949403573876745
-0.07015510914140985
-0.11409276301516523
-0.0073266473793151595
0.10719771872157932
0.00702586144276052
0.06239584278589062
-0.02145044895355276
-0.0528533484753864
-0.042322659971736974
-0.12144079529709816
-0.052056984409745675
0.08630590934380782
0.010128589165530978
0.0048848430321225345
-0.10147116519812441
-0.06210896959482711
0.04149882216435775
-0.04334103880800013
0.08421846236889598
-0.014585151506245307
0.07117831365657985
-0.017986798765088824
0.018206125516031152
-0.10728100006272429
-0.03677983966051803
-0.022069717741491884
-0.005709469577562614
0.04948464150458846
0.03805274704822677
0.013756399413019193
-0.028804583476282723
-0.04037997623556463
-0.03709215690019333
0.0401834535696197
0.009865587261577664
0.0018482213563579305
0.10302029050762984
0.09528626489890082
0.022155464701673882
-0.041736365582504244
-0.004564599828995232
-0.01828656129606596
0.02929544425935765
-0.02144327441093405
-0.027728071135055023
-0.013706298313172438
0.016570007410152934
0.02784132950479724
0.010532515982245865
0.05143678370906733
0.007882207313255075
-0.0426976943667369
-0.011732195845497196
-0.0011505621418061653
-0.047191323869869344
0.018284403293424508
-0.017506692698470716
-0.0036067731542112663
0.0857810787135468
-0.021834946904885286
0.029947094536143005
-0.006271402556167649
0.020972218004803807
0.02148024485451696
0.009131092638127638
0.026570501371634695
0.019641075359141474
0.023045815089119955
0.0012093521211860973
-0.027306356460502303
-0.049910538616293104
0.0107260563914166
0.01914808016290347
-0.02293487921796175
0.0013146588499846667
-0.015311914781577703
-0.004183289554494551
0.013759684895295832
-0.00024118031836419253
-0.016767751862739762
0.0001328265671320259
0.007718889341075887
0.022924280887793264
0.021084058040714133
-0.0019715571087540783
0.04094220428843857
0.004535980815267977
-0.018147514320423094
-0.002484507294702946
0.007290130600972758
0.0022145774808892244
-0.0038046920686997778
0.014384846261627756
0.008762239551111403
0.04260079286860213
-0.010384270972378663
0.006054011977551125
-0.01366492475825894
0.0040962086397399716
0.01447733836978711
0.020522420949803895
0.009513844863675167
-0.01832608977308574
-0.007867848354075047
0.0077376519113034024
-0.003018650472001734
-0.0036684778745149325
-0.011422344184809677
0.008407588959406829
0.003056866940941594
-0.003314090170435002
-0.01010946151807736
-0.007115153463734966
-0.02683153615500672
-0.0020508590295050797
-0.0011779220094339869
0.009342098214483466
0.0037755061304803068
-0.0035704470465236786
0.0007447304735981059
-0.0015260326545035276
-0.008082632237729651
-0.0016399064086201499
-0.000011101291335283257
0.0035329854732414623
-0.011762618080323584
0.004715924530550676
-0.0007607287943944861
0.0021167739177614295
0.0021403808993030377
0.00015852597132286
0.010354084724285801
-0.003238182831898662
-0.0033560958593705018
0.00010240252971321375
0.009816139156869056
0.0019674014845492897
0.0013339841588980448
0.0035479751810645345
0.003377802912083971
-0.0030574865645467252
-0.001700788108985487
-0.0010506291421475866
-0.00007128659950708366
-0.00014640405349279037
0.00326275533812495
-4.35252582354249e-6
-0.002802605413369971
0.0023702971184159836
0.0031233643396358785
-0.0016539950610726876
0.0014736425476103126
-0.0025327645635776865
0.00356114583716091
-0.0029513689827892664
0.0019250496922716457
0.0009849269635568115
-0.004306116049792507
-0.0015210725485715138
-0.002857807576241025
0.0180809225259222
0.15931339798321675
-0.17952585687252917
0.5716744235604193
-0.1808207166607889
0.6234698971132531
-0.3504205995475462
0.0836462249203642
0.03542072104271624
-0.10041334474824587
-0.15224115745413105
0.4193100397560254
-0.2154139349949056
-0.06972726591909292
0.07268927820354792
0.24077387646561502
0.2791236194548234
0.03301583296956763
0.052165822402959174
-0.016062872685684893
0.234502639541928
0.049818420810000145
0.06229585716695314
-0.02938452629528112
0.09045822968118995
-0.22065678436587585
0.16085019409541707
-0.06685065362308172
-0.02101292595732836
-0.09115874894179542
-0.08803565114876918
-0.024720689562394253
-0.16685186911673935
-0.01175713048150955
0.018303027946904596
-0.10541756589900661
-0.0380103869153696
0.0990266051442343
0.12487214091900611
-0.011517339856597131
0.03646538431236224
-0.018071016322345333
0.005260482959117387
-0.16836112939764783
0.08716446668184405
-0.047810056238237954
0.05735602597463694
0.07146314063564163
-0.07970351850783647
-0.011674285898659877
-0.0310288555826364
-0.003762025277620114
0.0890405110008189
0.04791417329405296
-0.08679065473692348
-0.07767424208481238
0.012573036170970914
-0.06637555182363525
0.007810874743730527
0.003867712500902512
0.06523069595545856
0.053364956889278614
0.000314876123033421
0.029050868314355226
-0.0019298140887007884
-0.06657268072244818
-0.060467688061945433
-0.07532594688756343
0.05859364799485796
0.040815411793115604
-0.02144170254463851
0.012525721845248809
-0.03901558814144322
-0.03446453014013244
-0.006654479703321606
0.017731443580307232
-0.044233740516421885
0.003544000398338996
-0.024246657862442064
0.029410342077029132
-0.030295990872960404
0.019415572484117634
0.04088458825470224
-0.033076618855859954
0.06200065207351009
0.05143741808839238
-0.031653884653011694
-0.062285442296990345
-0.00658013249822182
0.005155554696651383
-0.016630731703496476
0.008881071625667314
0.028396443297586994
0.01660699291089819
0.019647881498156543
-0.009603247900126202
-0.009288126725318627
-0.007114282359776881
-0.018191086533351514
-0.05654960404860941
-0.012171830534847794
-0.029530202586263578
0.020457494001607762
0.029520111351335702
-0.026341097018628818
0.005551100866845588
-0.008451087856777931
0.016055133858819872
-0.03915714988150324
-0.0031813289576825285
0.006689838001318873
0.033781419991999795
0.002722152136764974
0.00826176939151266
-0.0010388856731144594
-0.007763871593828606
-0.008276645846498688
-0.028911492652005332
0.0020117512910858416
0.006378619755797421
-0.01309079992202855
0.04193639385865387
0.011021041890749789
0.021401229433625876
0.006590649675524202
0.010666372657353573
-0.019915004891887706
-0.027262478115006445
0.015371579566318874
0.01795458271164931
-0.007766134836230947
0.016160765980101865
-0.02201794686380345
-0.0040333705985380695
-0.005848127856141634
0.019477772972544057
0.018421566735949968
-0.023037120296105152
-0.007264970263996677
0.012136815817290295
-0.0010838609693833755
0.00343295162523354
-0.004041828428736422
-0.004324649911941497
-0.004555277630620176
-0.01244920454721313
0.003740378472032982
-0.015693836548642176
-0.00305034887506192
-0.006871425710004891
0.023680510173770444
-0.014642419030402136
0.00021485846195131816
0.0014669571887880343
0.00009004462345842453
-0.0008014717821878571
-0.005620353805131316
-0.0035006649877815602
-0.003441491711445525
-0.005635101042382899
-0.019481005170169877
-0.0027368120574261996
-0.0006679468728551253
-0.0037943996416991135
0.004625439128522607
-0.0025222204986085
-0.0007886484456063758
-0.0027404426518358744
-0.0007264767845081224
0.009376402730879207
-0.006243124919251584
0.003630561430224595
-0.0005431814117368526
0.003596351533161854
0.002820380062315048
-0.00006930457368319145
0.006558675996382907
0.0005601302443314308
-0.0025178915554723786
0.0009159684795251487
-0.0018658519215518678
0.000909806027481258
0.001586719759130512
0.001890564729031197
0.0014073391837028807
-0.001845783703289076
0.003731561450457019
0.002901132638942674
-0.00020356077365087758
0.0019708443474999214
-0.003490173553429125
0.001949423503386658
-0.001962260420410732
0.0023253090633542964
0.0019426755461715835
-0.0033802748307622216
-0.0017707859264251909
-0.0027588117304009983
-0.046887913743838695
-0.3188764018178208
0.291779212756182
-0.7766425844674006
0.158470880925926
-0.45533346474795305
0.23281652455332777
0.25911755992097857
-0.07208760632056968
-0.255329867235548
0.20686875000664687
-0.5008419499328167
0.09560724613466054
0.07279036928231306
0.17679633631572475
-0.14797078585064463
-0.07430269736951554
-0.01873319535599259
-0.31929678660077876
0.10460790856534041
-0.08696320354506457
-0.12650831308884153
-0.004444820683944299
-0.09742066796102726
-0.16606915405149233
0.07713473603358831
-0.06639330302877022
0.21232598058253965
-0.017721929274087403
-0.059212656102685605
0.13468228417112496
0.007032090647263391
0.09224387324757329
0.052995063556180014
0.10489645720985129
-0.02790692617333425
-0.04795143141528605
-0.05282834445089677
-0.08644688485601427
0.06747227707420794
-0.18065793261943722
-0.083585032594284
-0.014255977508878446
0.002501881463152892
-0.0749533387483334
0.004082927747889944
-0.040527619269074035
-0.011374708838309272
0.1165089522097745
-0.10657428803894874
0.026249654529007602
0.012313679311183394
0.08493318019066405
-0.060954307163476454
-0.006033113842897567
0.03882863833739846
-0.002831633484986479
0.061143301691554915
-0.008113863229163493
0.012136036830852973
-0.10915251458648495
0.047856219065251435
-0.009240940513780754
0.09649536900778465
-0.003563432608091215
0.032301420398982816
-0.049459628173222116
-0.025202190854865896
-0.024958451705245282
-0.016847962915168376
0.03157018305527723
0.013383069666345287
0.04481301194081298
0.034211165341396586
-0.0008531730512187077
-0.086283876847298
-0.048220934975381345
0.03446495974338014
0.03149238046947819
0.0012779274750812895
0.02565047734683666
0.020043324193461328
-0.011756532301270028
0.006221476105737766
0.014337095929782804
0.031045202840042474
0.04498586790405347
-0.04732273914294626
0.030064598994874327
-0.002947280904881935
0.0349387537479371
-0.020160536862851807
0.026430978362764618
-0.053227558646122414
-0.00611688700497935
0.01866600997304028
-0.037114948445835995
-0.01699886055862111
-0.018956207797014096
0.019023542177561522
0.019419636228995427
0.015735206935033618
-0.01923934622258856
-0.00030453629084661583
-0.008490281725811429
0.01045543844958487
0.011154319988402231
0.03191844954358013
-0.008140238618395456
0.010726234958944949
-0.008929661926700522
0.02761219765401014
-0.011771353854975942
0.022863912987267396
-9.948248900620385e-7
-0.015003832465070746
0.04917426465134602
0.003773122496589119
-0.014325589200507504
-0.00023719836863464144
-0.008230187788110842
-0.028717705958148185
-0.014501397294809287
0.032381073099042645
0.009138846820270797
0.0037639379194026094
0.015008755865505026
0.04803575921949264
0.0143142844820869
0.0010681999790748825
-0.0016886571087191906
-0.005361731084060001
0.04013282276285387
0.005209179317524666
0.0027008865475594236
0.011859832873883022
-0.018034033301709607
-0.015028179356425532
-0.006481669839514055
0.0003893019513809248
0.012661867393032772
0.007567174967139003
-0.01429287238786447
0.00760245359831554
0.002223979151291557
0.003039242716152513
-0.0018396655877804032
0.005585854482472211
0.011622861850606594
-0.0008442881009732742
0.0175554982413853
-0.009610184980964519
0.0018044973544397802
0.0023103037019996586
-0.011880665750742488
-0.004695038757959865
-0.0012612758688162955
-0.013348389517486453
0.0010546522268070554
0.004180065625693396
-0.013956314882172966
-0.0011859134598104786
-0.0008167197241987142
0.0017350439060176187
0.002349754399302882
-0.0019225158107368304
-0.003894992857024331
-0.007718470223153065
0.0008092528848730456
0.0011548877031763894
-0.0037596391620042923
0.004242189981540341
-0.000937398183413765
0.0009002437738999486
0.0023642621608133177
-0.0015417010105203658
0.006928666807784698
-0.0027283654822541693
0.0008998687871416436
0.0025067059262954914
-0.0005766679217702688
0.0011806015132559118
0.0021288732723276833
0.00015854509350512113
0.00263632362920472
0.00008824411447938362
0.0040204197227663024
0.002682640325411873
0.0007102419098653281
0.001524257433923704
-0.004445642618115153
0.0013433230349689743
-0.0006426457104391468
0.0021455466384755865
0.0028447594126171792
-0.0025565275415256245
-0.001888556886227343
-0.0025720607153254865
0.10991372106656365
0.5521543804389051
-0.3871696148184239
0.8192886292851818
-0.02635662247120227
0.04479302734144652
-0.0818478183092364
-0.5622827407593559
0.09536667977908775
0.2208349434117108
-0.26867915889001587
0.2765754457157701
0.17702932853437
-0.013476204639346552
-0.351691688387021
-0.03490140831994434
0.004359075654810047
-0.11474958875087432
0.25667705234903393
-0.14123353793267512
-0.2218132585151085
0.06018779068746598
0.0838481408019127
0.16110573998486427
0.15360264907054783
0.016903667110810556
-0.058699710788428776
-0.030895131618531173
0.07231842555574547
0.12375992492390298
-0.05450434575067215
-0.1486564050332432
0.03955502473023213
0.08543222762338899
-0.13453628020602917
0.1266512655473273
0.07906514132265155
-0.0852905037291592
0.0625842530857629
0.0018380083355541165
0.12155307150616812
0.05408636797079051
0.021678161734889463
0.021703515421121262
-0.021298972051353726
0.17764203663222208
0.016795030196727855
-0.019061272298005714
0.004399103190801293
-0.012371347215193337
-0.02527177590110714
-0.007622780333226931
-0.13130439499390634
0.0714955543869368
0.07227420273515356
0.012563046800585788
0.044203542775960294
0.018862996226400693
-0.08451252624612159
-0.022874970855455548
0.005773314377905905
0.004536809533564301
-0.015819842195397556
-0.04617332378942147
0.006880454009164635
-0.06849155721662374
0.09459737996537566
0.03988773953119974
-0.03446472546303295
-0.05058396417440613
-0.014413155857142963
-0.055235930633238076
-0.02674513914059541
0.024051482394690214
-0.058643600324999164
-0.035238011234157034
0.07490026060357667
0.004251724721793777
-0.02515341199020499
0.009078396235191603
0.0005136280533897946
-0.04874316142409666
0.012186873580623677
0.013409668489736236
-0.06671905017157786
0.014421720800541538
-0.00907019898722392
0.027640379816574214
0.06084365782436694
0.028169002907347113
-0.0037974858753835
0.020247023849041347
0.017720765238915973
0.02552780900558601
-0.02015175304563464
-0.01841902582126998
-0.06008887475653127
0.03864043669540459
0.014849771208818249
0.03805115902622345
0.003939902589075737
0.008654377487620804
-0.011894667309253452
-0.03322252166584895
0.011432575466082664
-0.005309167189834716
0.012056607695700598
-0.006180563401205704
0.0018928789333487865
0.03278135268055246
0.02414479782203987
-0.002891595532054869
-0.02119109400594091
0.002482112913517233
0.021719480481016164
-0.0016422508653899648
-0.013198963570563904
0.026371285236531348
0.009546172356431883
-0.004597509752908182
-0.03274587907753159
0.04792150076735036
-0.0026529450010267168
-0.07396496351665442
-0.009059433475507275
0.0018545703682272994
0.0012597300320517633
-0.030268156316439095
0.004881722850917417
0.0071160942411042155
0.0007953007389778488
-0.0077718188693475165
0.009475689969633041
0.00995896174189678
0.00330223048950138
-0.004019351978087408
-0.04507077069434655
-0.00043125233373619777
0.010250329875668977
-0.010716994601407296
-0.008211987559884002
0.005458548571676332
0.003809849587729449
-0.0072352738056002605
-0.001864488358416672
0.009200378352623596
-0.008037431023162548
0.010701810108619009
0.015715484613002498
0.004160166444522007
-0.008312560347995929
-0.015300120689107941
0.001302305691759834
0.00017326401572496437
-0.002619344144671945
-0.00348777580703498
-0.0059567605191945105
-0.010355078279277872
0.006046651572207834
0.009342973863975462
-0.000287187505125193
0.002118675851682335
0.002701058926627745
0.000050373346147599855
-0.005301365793822671
0.00006417607571267627
-0.0013771419649523458
-0.007142637917527325
0.0019390600803915665
-0.00583711474721066
0.0009943593024823176
0.0012318795741161164
-0.0007170175701817543
0.0028796008416324204
-0.001046899765749744
-0.001747837103853944
0.004820813709895057
-0.0038979112899481384
0.0038932621227843124
0.003195428636363989
0.0015434124491592075
0.0006767818518413707
0.0012465106597286902
-0.00002644945606554147
0.0034339035851189614
0.0019007487329593105
0.0033401899096925708
0.002031054201243531
0.001124532831531301
0.00041801171112656554
-0.00471979463565549
0.001886042529986856
0.0004464267774331869
0.001515437929418804
0.003429374094840607
-0.0018621458158484905
-0.0019033618679820945
-0.002347827722916589
-0.23001431476872958
-0.8153242820153892
0.38813110401197815
-0.5836598022013056
-0.20956362854869168
0.3802795075844631
0.06399991004366101
0.603025011447862
-0.07511952173811064
0.2216836776394886
0.2194749191669194
-0.007482509164382587
-0.2929848929417045
-0.1336044917535374
0.14419568177625547
0.17492676880015615
-0.14453428242725452
0.23770531546897838
-0.05647590512272436
0.08908144310312006
0.23133842358805037
0.06180161000510027
-0.13372502831353536
0.035644141532721656
-0.06449738076406251
0.11494577854163936
0.1211444379645877
-0.23264840354129623
-0.015371758511438958
-0.08530278455121598
-0.027911686123426482
0.23271373090551384
-0.05473376716993894
0.0023180481640959296
0.05187073944134565
0.027753989366743576
0.0029584591925462525
0.10633497794289604
-0.09545971602184831
-0.0840987593431945
0.1347357558348971
0.003141887461921159
-0.03807122964185635
0.03141905024605862
0.03456229128601795
-0.14831378290901825
-0.03752147582266621
0.08511759083256702
-0.02805945346136709
0.10028069445538405
0.04533264732492604
0.03887161753313861
-0.037224413086133445
0.004878088596640945
0.003015102889590488
0.035091855779037166
-0.09761511259992164
0.00260289139968078
0.09075656243696452
0.05736961352812393
0.07272619004148848
-0.018887187208616405
0.04619262254078903
-0.03867823330771449
-0.0380266795044683
0.056992381404995344
0.031604513252134786
0.01106455881351999
0.011306784414422188
0.02865830736695894
0.0498561602432133
-0.01552906069508531
0.02915626570270386
-0.05311240038299817
-0.027639152734534024
0.06715673359255975
0.03705925754193852
0.024319353082044037
-0.0024818720986178023
-0.0627516062198179
-0.0218666983382232
0.006782989203551763
-0.04499657696611783
0.008710377750489906
-0.012547558045813558
-0.09108510976079458
0.0026649569051109246
-0.04276660283228922
-0.041820041822495685
-0.03536973205383018
-0.027987907878576555
-0.013229607809605744
-0.03252723883320577
0.01417810995984002
-0.003501477726050776
0.0011756028623998488
-0.018459068280184038
0.02976114997510308
-0.013409430172326407
0.024526549524205587
-0.019777603311649364
-0.02764890301242572
0.01630338390027171
-0.0191137615725114
0.01449403998988251
-0.02371441074110884
-0.021539487146646205
-0.01418247536707082
0.009384642465761683
0.002115259525160421
-0.03800768999695486
-0.030075920719662173
0.002845896128422034
-0.016672010809208118
-0.001481249569281955
-0.004957758649816928
0.07023961896106398
-0.016471439044323802
0.011553522691888127
-0.002166432605848051
0.01663939215166203
-0.0628930490485562
0.0008726953087317167
-0.006063245752801301
-0.008438393454206276
-0.01055234539939397
0.007957305637218392
-0.007540909768018937
-0.011464786147222253
-0.0014444246149887012
0.005301864460704155
-0.0018836569061986953
-0.0476771847444297
0.0036146366429218074
-0.007460417049579131
0.0006463526897005391
-0.011758347528621073
-0.02010685123243019
-0.008665962156319755
-0.010965622969039197
-0.003559813456711372
-0.002207592907783726
0.014869666203044751
-0.01689012652681673
-0.004462860847676033
0.005669869912948229
-0.012625007910683897
-0.007182805074206533
0.00007869492396367371
0.008236648017618515
-0.007991997960128507
-0.009266046684932186
-0.0003971568320808165
-0.0021928558163186876
0.006081069131515128
-0.0003898668376734489
-0.012719971443871048
0.0036848540467627716
0.0075960137471999395
0.0049114667427081335
0.0008949715539682578
0.0033784080910338023
0.0038568832357673824
-0.001452471934824969
-0.011383908158702378
0.0017103075628319387
0.00434748023343456
-0.0012216785910596384
0.001076937265955205
-0.006405935914359738
0.003292146134161268
0.0003822414487117184
-0.00010360736683334117
0.0045657069755808
-0.005374705964171493
-0.0007297631344902044
0.0015540915407922448
-0.0022853892832900456
0.004358462865836291
0.003526188072308991
0.002738448704017207
-0.00008034782132471047
-0.00007556113253451958
0.0018010804903939464
0.003756683797970476
0.002794134850666788
0.002060307532569195
0.0008518217143637912
0.0012717246560909404
-0.0007054084500136148
-0.004078065795254268
0.003079326286578425
0.0009421803850668415
0.0006758471524683615
0.0036022749602177004
-0.0012924594589531233
-0.001833082089368793
-0.0021079438938468595
0.4273893401600024
0.9973747485120075
-0.21739506396072636
0.12233662048423662
0.460328676885651
-0.47275333410798825
-0.25056952458562226
-0.3545734874854061
-0.008576911320057095
-0.5703120236076872
0.017372094195951766
0.00333514556813578
0.15707882816196705
0.2787252448590976
0.20469159721714603
-0.13149127531237778
0.23255357435438861
-0.16902139096098093
0.11331269280150184
0.029558979067269328
0.10029981110089586
-0.13432188600164718
0.04128399433997351
-0.245328299830832
0.015964937488277393
-0.15122429875465077
-0.15992820319124426
0.11137706363493534
-0.09790042308983127
0.03268303646454238
-0.04346150375291978
-0.1099803639006621
-0.02761805404876274
-0.21675216143375317
0.06972199515465305
-0.13923937394801536
0.03960953511408871
-0.028669830531931464
0.051982500433360807
0.0689656958000536
-0.17329949194461736
0.048763115237130755
0.05037567665070895
0.08055862260296866
0.06834980340963728
-0.05171621018128069
0.0024124583636975575
-0.06614125552328477
-0.026813242667023125
-0.008478626039772515
-0.046734287987858635
-0.08355617383051993
0.09015383405512657
-0.06765267793077684
0.01275800744122757
0.030334227931839357
-0.012111948913799775
-0.0811862326579579
-0.01465172360290531
-0.01778767701279978
0.0016565821000764864
-0.08057759081012462
-0.022491368073466123
-0.02308765886478831
0.06507159059370018
0.01641206112442975
-0.08335376525200161
0.023852483377481366
-0.01339706341444045
0.0796301592943533
-0.02943713125663697
0.041239567786522324
-0.002732696504488515
0.007818514972859326
-0.01739628940862322
0.028235474023293898
0.028374585557404637
-0.07050792867174048
0.03177560769354603
0.04196561896246734
0.026910295777462363
0.033416947464826395
0.057033625176637744
0.009230163055414364
0.02105196207817049
-0.031140858493864297
-0.027323211701102634
0.059736234466398266
-0.02243610483141587
-0.012021261423358893
0.00009856423555140595
0.010688033234894598
-0.03453998496931732
-0.02182238143917184
0.021045664423434654
0.01524936206005633
0.03446647744648747
-0.03289727509413226
-0.030240127217227068
0.008136352043285229
-0.011459992704685205
0.02391344639109848
0.016464046051472187
-0.003924008208019563
-0.005335870078367491
-0.03795553376195755
0.0006393618813158447
-0.02248083428163046
0.023296116366528737
-0.04834799603047756
0.034341567087474656
0.026678664580928862
-0.011847719660561792
-0.004357040772557379
-0.008036321286810732
0.00701614773052703
-0.07620458640598037
0.004756384334891777
0.013705988865494168
0.0009964894650498998
0.0018932934243124778
-0.003148852799974579
0.019390728169514582
-0.007546064469829218
-0.003998801073205989
-0.002118354198086309
0.005934510020819457
0.04086320102230553
-0.020218181440805647
-0.019513324376039524
0.0075424126886263
-0.006021316242440372
-0.005490222183743636
-0.009437424893421661
-0.0061190981711329055
-0.005470802829263256
-0.0005044091412284825
-0.01152681078867714
-0.016938722334956254
0.0013056553356401148
0.01760275658071158
-0.006083802722881384
0.006039333780453321
-0.002867882463675767
0.004086157578176392
0.0045509661482658744
-0.012216556919262156
-0.0034519620037965033
-0.012683972848904955
0.006133726981505491
0.008179018553677248
0.00784494229298808
-0.0015059941763917218
-0.0023927394754997278
-0.0023839103255438457
0.00037377301666961994
-0.007536837908632868
0.011555875685378737
0.006701426526900821
-0.002550713835397316
-0.0062852108880864154
0.0017009900794562602
0.0003730314102702496
0.002122986548455548
-0.009678207187620072
0.001867513911515657
0.0066969285694966
0.005074310840749144
-0.0007881912831363735
-0.002800123890162803
0.002555183857882622
0.003600972978897973
0.0004931783775703974
0.0017829015035498153
-0.007228806833698061
0.0005164674376814227
-0.0012359001218966545
0.0007325476918538811
0.0026964315663743407
0.003749721568204491
0.0023024594323490613
-0.000506906329780831
-0.0006266103868628537
0.004653090088170314
0.0036542067741339194
0.0026161717480946154
0.0006408738142468273
-0.0005467483546692602
0.0013410300446731881
-0.0013002457629229824
-0.002757557135390286
0.004167925913666593
0.0007816647601341228
-0.00012506506117841788
0.0034016896464562217
-0.0008341385864632121
-0.0016874428615689184
-0.0018516722183097981
-0.7035597792526724
-0.9466144528798688
-0.13362170453100175
0.2704397500126744
-0.5924599173147588
0.10685858356856608
0.44435679473098033
0.05795241086956409
0.14553625999346115
0.3522363720338006
-0.3000267192410009
-0.20681567035461007
-0.058643076536406526
-0.26505595189529907
-0.1946368855094907
-0.07760396722258785
-0.0762356230928783
-0.007217284424933486
-0.2950634861511888
-0.1518665472905635
-0.18651022445405244
0.1330159434752521
0.08383595087130322
0.16841057551546146
-0.07407551277161063
-0.07498607299642811
0.1379332160571046
0.16435781098008642
0.08758876892955293
0.07149929392516129
0.15010259933988682
-0.009146222411809147
0.005159892560438849
0.12929009360385132
-0.11694956371891045
-0.0073638272017410855
-0.1907798483109421
0.027935738067429425
0.03372891047942137
0.042255936714461824
-0.007820249427742417
-0.044715774425766276
-0.040537241840534706
-0.08438754031533924
-0.09877348114244791
0.04340830541277113
0.10645101620387513
-0.07404685524179792
-0.06909037607291638
-0.03389389255920865
0.031019127155871427
0.02700236155497359
0.03976142772865092
0.03236665812540896
-0.06206547318420814
-0.11038494007444366
0.01760857869031039
0.07249204618062319
0.0030168406211122534
-0.10372618285185776
-0.03271883710367813
0.02810255868820858
0.003177433334485302
-0.032394180391320214
-0.012320571149335194
0.022778304985078462
-0.014876423592868726
-0.06114331452593142
0.049642786997266306
-0.04524364118957594
-0.017473568452281093
-0.05628045286777016
-0.031282486389106794
0.026598293990031316
0.13646361882015387
-0.029642464285736112
-0.043117755751873606
0.010314820696658664
0.01383271622526048
-0.007351608081251781
-0.0333927707764243
0.008016953395668797
-0.025617277067731755
-0.03443416240988136
0.01678626413821865
0.0311402489873039
0.005325214232031938
0.07410637474373283
-0.015037071771191225
0.03252824264316944
0.02249465645498026
0.02106350612726545
0.011224258138222531
0.007210077843243922
0.01881570516890616
-0.021196160286683554
0.03961297140334074
0.0004422288323945862
-0.014349755291840263
-0.027881202811241037
0.024500042396273153
0.015934642631001524
-0.014902409312002382
0.03737169811567217
0.013233838368275849
0.04308621973366378
0.0052519279550277504
0.010814022960020608
0.0087121242161763
-0.00806341691328116
-0.06674575854669233
-0.03517889211828584
0.046743426777941785
-0.00011414468338029765
-0.025640702254183835
0.0059533640626003755
-0.010264468248526547
0.001868974335426092
-0.016098618840100422
0.0037334078018876247
0.003546219584866968
0.022960581288766976
0.012189765398642943
-0.03610845341000996
0.0026162383361455015
0.012376681036911367
-0.016394188010481283
-0.006176916389757061
-0.013701791145737932
-0.010952324562868834
-0.010547919772146306
-0.002133743380705662
0.007324105628658261
-0.01006013042062484
0.0031661343255255585
-0.01340598656057765
-0.013537462350152558
0.018538027666434545
0.005517096421478235
0.013776653900817207
0.008453675831410346
0.00015752105085080977
0.0005829670411206595
0.006282100464623186
0.009562315209123914
0.004347259326771192
-0.004769703395570737
0.01806699147822293
-0.008813069650520294
-0.0025110122877179553
0.007191335086320942
0.016746108743260536
-0.0011563190027378035
-0.0007830272998346836
-0.012031169677341939
-0.0006265512516767685
0.006519676498637227
0.0067657918770340775
0.003965635858316548
-0.005334192644722481
-0.005999048182429223
-0.0009853635243365477
-0.003974065927916487
0.006675479063056498
-0.002530029357401953
0.0005905670394896308
0.003071195294832105
0.007460246116012721
-0.002015523063702462
-0.00031012572080349216
0.001690844474444233
0.007810664190344285
0.0008309035692856014
-0.004584843964512178
-0.005080403876966948
0.0010982779845620794
-0.0025038000581612888
0.003137249955485945
0.0007036817036926286
0.003736628854202895
0.0008623088741536062
-0.0003660785380830236
0.00010701576090963759
0.0069607576897507
0.003187817988602058
0.0017493144137024645
-0.0005253506172848047
-0.001675762450701319
0.0013810989280458627
-0.0011926986940261346
-0.001264013260946189
0.0045435423388103975
0.0001628434170270415
-0.0007052444675656023
0.0029366635004771284
-0.00047690202894609457
-0.001473914033994859
-0.0015691095120245668
0.9960175538931827
0.5853895044444863
0.5386405763831943
-0.2511421107540951
0.530863556063017
0.3955381917796023
-0.3204707117125599
0.030907138875856634
-0.2828847061761293
0.17948608349115228
0.34200892317960624
0.2832010984264924
0.21375758275332093
0.06291935130117747
-0.09693754210691044
0.24692705381988614
-0.14177561453151388
0.021245034393243635
0.1734861624449761
0.19991852095230117
-0.17244886686983227
-0.04987457121493408
-0.08596411073488744
-0.004086789403164591
0.13888049331731814
0.20359670257298698
0.030271065833167972
-0.026633420682042396
0.030318706544402836
-0.18935483878341056
-0.1262383316675781
-0.0029057360834444557
0.1241265479628403
0.061634021800014975
0.025691966604536237
0.02819141784541314
0.1143315723365732
-0.07743234040072941
0.009738267718402518
-0.13142193132047958
0.056822238079964796
-0.11698677465231852
0.03153114872868021
-0.03605431434618395
0.007936256721373505
0.03452164632584643
-0.06584377554115617
0.04795134860916477
0.12524572646387286
0.03648894715478885
-0.048282639252674585
0.09156940939299067
-0.05219494777670006
-0.008325216985531687
-0.041826392562866375
-0.002766803981949499
0.047424947342480456
-0.024382939488554335
-0.046234064540181564
0.0759580613594579
-0.030039605229950087
0.005306713758532417
0.01163450856687648
0.12645172826799198
-0.04637641564566831
-0.048073721027292404
0.051450524041488525
0.03565160635808228
0.03168925477540084
-0.023541049917655335
-0.04545590605635502
0.07641464048122203
0.029001595727615227
0.014359572396029547
-0.06155221522106152
-0.00426809732954312
-0.08733231406036451
0.003532077134361852
-0.04341433214270392
0.02317933167739614
0.0008113638120903328
-0.027571403753599018
-0.0331623442443221
-0.010552248693591573
0.007384426225507229
0.039104784586415475
0.025278937523454108
-0.037681949154190306
-0.03688229261441442
0.012366291253923892
0.007213485709268881
-0.03257770346619969
0.029070575548205305
0.011314806618609365
-0.014645047979151976
-0.00450798382823717
0.026093158596521
-0.015909759229846356
0.07690049975434832
-0.05334399184736607
-0.017165217277994145
0.013113893581900274
0.003473986957572698
-0.020052047663018546
-0.0630902234705129
-0.011295612739803076
0.02092618999279435
-0.003184456349700662
0.01812300976199352
0.007953417248914052
0.05419178284821627
-0.0036326684527228075
0.02220924458127874
0.0004989318421258511
0.00460035316885256
0.011781529117294317
-0.0008105619797722751
-0.00530258648575082
-0.024149678654643354
0.002315825469447092
0.017714887493410665
-0.03952796884673761
-0.018413618404256617
0.018029528002338403
0.012875466224905747
-0.000538129766403744
-0.005411653265673099
-0.009151017964003144
-0.003226211800086958
0.0030304740651760373
-0.02075134251168291
0.007222335310080617
-0.02920027511395962
0.001300729753760754
0.005643467209917602
-0.001051925059052825
0.004858955455899716
0.015542320539413084
0.015496809796400482
0.011918492795244573
-0.01453928902714532
0.006942207627815494
0.003117081806877936
-0.00028962729568638514
0.0028990720509267293
-0.0007310460896994887
0.00616341048458618
0.017881560655162863
0.0008450680203466999
-0.008373837718489114
-0.008323396241093415
0.0123270136172327
0.000034752180310915506
0.0008796214080537529
-0.005061473491975829
-0.000304027420371634
0.014671451744092321
-0.0010598903211894073
-0.001564986053055671
-0.0027976408762775953
0.004727551092043468
-0.0025184743197119697
-0.004716179173260371
0.006048133830503555
0.0028174331728135116
-0.0011255265723755278
-0.003053700937213789
0.00566633436567629
-0.0021743851122460146
-0.0013981399265561257
0.0029559846221477682
0.008877694600276832
0.0008918056429883952
-0.010045025718591557
-0.000376926308563142
0.000857255328423082
-0.002194436715608599
0.0037362401893032303
-0.00021714058740197073
0.003289130622873042
-0.0003923962188991269
0.00015845307792663167
0.0016712316889407445
0.0075651158245574005
0.002427046781226001
0.0007626260050976733
-0.001206980100722785
-0.0021601571537303984
0.001333660177947342
-0.0005938597259273064
-0.00009637556272414045
0.003993327908604244
-0.000577439082071607
-0.0009807161856142175
0.002329564103745058
-0.00021577200690096836
-0.0012033431835463263
-0.001254598606161876
-1.203910422863909
-0.007243047264612709
-0.8017653327049341
-0.2563607880620071
-0.3311361257692096
-0.5267222222438539
-0.21069989456404936
0.07048272141184349
0.3534563956841955
-0.24675180900038268
-0.03267405003069421
-0.12934454590920133
-0.3549270613665924
0.15202787647501492
-0.0027964397930330368
-0.184479856120473
0.19623197934620784
0.14981501153687368
0.07806211959355723
-0.12578289444577423
0.255097022354823
-0.10802458060833504
-0.053991765084375566
0.0571699808373045
-0.08374487780086882
-0.13757421076993193
-0.1634872664693795
-0.23436880036594723
-0.0031180526533838887
0.08370930873454036
0.057501837421712915
-0.0027683237266174763
-0.12425396067967277
-0.08483864951748053
0.08399611903467454
0.18343762500234845
0.04402757815810849
0.024244013589073753
-0.04388151724042567
0.06942157693298748
-0.006889664345516335
0.14285547135380686
-0.053460298236765846
-0.006461180771159243
0.06969666125075097
0.06058006823245383
-0.07139395251258375
0.05544368703076209
0.026239772581522807
-0.04279528431953338
0.059916516320397614
-0.07855702331038825
-0.01022189827915815
0.04370879036396324
0.09157719658493133
0.06002603514162594
0.09586852728223923
-0.0158818369615857
0.04984503269000931
0.056761409475359154
-0.0045405958682442175
0.08767212083282458
0.00048300423711578007
-0.0680534445922887
0.019923087333488795
-0.039093772641812706
-0.012347740796860742
-0.029202277636578094
-0.0905264680708957
-0.04991172523987205
0.06968970337516624
0.03503999313539003
-0.022658566651600726
-0.042266686562964756
0.00939606153074162
-0.007063117038202421
-0.01810951392232395
0.03865105556020612
-0.018544678412343425
0.01097824674944263
0.03942996658541767
-0.016849321349617075
0.03192604875818765
0.04527023790156351
0.001976187890620954
0.03479189408598951
-0.025722909869335692
-0.03554483410562223
0.007611558077368483
0.0026354969358994887
-0.0141967579769619
-0.031742415876611745
0.009657299129907653
-0.012060926579874358
-0.02212995536838962
0.022399661959574303
0.0204437990394862
0.026039724955140814
-0.017682270343347833
0.01774463803028778
0.03969388137758209
-0.05887411341147871
-0.010057586771058443
0.02836861596490964
0.019049407015878535
0.05464085888695742
-0.029853232300739763
0.024686793414579807
-0.001460488012019151
0.018961244430717464
0.001213395077228806
-0.007785743083560844
-0.007369579061978643
0.0012913834325940985
0.023994614783186378
0.010876285186413634
-0.06007348707684726
0.0040310344231200435
0.005133609333020925
-0.0020924195890533446
-0.011690211375714767
0.008567090734867088
-0.015152939317944985
0.029203483755187973
0.007435748323085811
-0.011204063603875446
0.013966267709575009
0.022900989383378114
0.006218696025015076
0.005091784031795551
-0.0024012305366512467
0.005618333497724948
-0.01095413375144537
0.006874289566863436
0.0021671290391920496
0.011505679623021906
0.031422663719736364
-0.0035933692607046912
0.00228047813889527
-0.0016812287896968616
-0.013219752834772397
0.0033972585316911475
-0.0012078289410729275
-0.0016597586743182288
-0.005455705752650141
-0.006888769299849494
0.012548106720428767
-0.006280525338797957
0.003782019165539994
-0.0045387283988236535
-0.012853601033222911
0.006716910339509796
0.0008630402181875971
0.001522240518876272
0.010985678315363817
0.0021263047649593175
0.01040095623785165
-0.0021223235407561887
-0.008570894782166074
0.0006233315938606997
0.014058331771975695
-0.002292374607148708
-0.0016202640398818374
0.0001888917395460253
0.0023973971620972275
-0.002127342573365755
-0.006528051958135959
0.002393270607516989
-0.0019490007529386637
-0.004176322173767591
0.005490857975138112
0.005669768591588659
0.0007558265548990574
-0.010843542824569721
0.0038174728327086955
0.00024947965588979754
-0.0010254258341184821
0.0027010999901536017
0.000027478638138958613
0.0024243910765286455
-0.0006901853820871826
0.0006655523756516846
0.003031318756958532
0.006268056202429391
0.0014941927304952677
0.00008133957291698547
-0.001355307575639246
-0.0019270460324111443
0.0011276939519558689
0.0000813337159415721
0.00046737065535814974
0.0027368819894557843
-0.00110409708562079
-0.000961059866985787
0.001679768400769767
-0.00004777623410874577
-0.000893458755774473
-0.0009152555029325101
1.06878991976649
-0.3886779472412625
0.7189601346228586
0.6873329201438076
0.1310440074849323
0.24256544425374355
0.6286388760177781
-0.1355969125562732
-0.293275401670946
-0.16807256839711135
-0.27955843337206177
-0.02087560779899938
0.213741726921517
-0.18947590408157305
0.4361328163929351
-0.005732432998493645
-0.12748095928582728
-0.22765855381158714
-0.04593334002841985
0.00463003829091452
0.1599713269967218
0.1999602971274006
0.1749813088014856
-0.16262662917479895
-0.02582487152239546
0.1432041078059019
0.07611575596417751
0.09012818497060009
-0.1563938925868535
0.1582217298847414
-0.0476369008065669
0.04913230685341234
-0.013333410113965187
0.13461146065297117
-0.06605605609252511
-0.19191526117618982
0.0502892027331697
0.07722423343079526
-0.07132588124956285
0.05885727723991968
0.032528746501500484
0.04246509119463783
0.06910794964420519
0.025204445468154337
-0.08179371906968554
-0.07615429561415196
0.02935798554056848
0.07134120137128543
-0.09595925524803622
-0.05423751826783709
-0.01605526175841786
-0.04223641497856023
-0.046550378300868764
-0.055391577627776925
-0.02142277689022189
0.03187388600124192
-0.1097810860005395
0.06569529577886588
-0.018601788302079775
-0.024077082061001193
0.0770655869199682
0.027217146977849854
-0.0827369992166811
0.06930208685700584
0.013784636364938646
0.04069391385320124
-0.00044574957905865953
0.06370034421680179
0.013977532947467597
0.03864929357825495
0.001555755201547763
-0.03092804920145712
-0.013993954290715253
-0.008293710489659809
0.014085110123451391
-0.011456487008214647
0.08658195074693284
0.022066452183898577
0.0323586708424089
-0.038574606773743414
-0.011182933820513101
0.0156764796159607
-0.00035092525853133065
0.013198766406346232
-0.0057991109823092146
-0.005104607874562576
-0.008699302038798287
-0.03603632572120256
0.08938858414800188
-0.022422532589109808
-0.011163287242720947
0.038537009509546194
0.009934103067974105
0.006588320688308176
-0.0016399489560942671
0.026862977202622228
-0.04377648163729073
-0.07292976916805254
0.0579479375542568
0.009580564108115175
-0.05474583190732323
0.024957838509404893
0.011073855404748222
-0.021587311047912675
0.00506604512323699
-0.0173940184672898
-0.007615639407296297
0.006039776777755307
-0.021942259766490144
0.00782931164467537
-0.04296938055988428
-0.00027898656742973016
-0.015932953318964722
0.0020329695672159447
-0.00017748664322915362
-0.011626612519312405
0.029910875398899354
-0.0005266961473600015
0.013865712854659904
-0.0024457599920669135
-0.013477031683603044
0.039238831223824475
0.005318382667671862
0.006562772534891164
-0.007382733518361741
0.0004694216819571825
0.002374375303262544
-0.007514699787147568
0.015622191237267645
0.007623520950964947
0.015968315067251392
-0.0013771968176807493
0.03388989379008888
0.0025161792802126494
-0.001750956979854466
0.004526158309808615
0.01973980372905717
0.002320866317692751
-0.004105089206194592
-0.010983029873744282
0.0031337217449601074
-0.005822497273418246
-0.011296734596031779
0.008818012115427614
-0.005442485644817085
-0.007343846346264751
0.00962328601099742
-0.020422077658518202
0.00153987353568342
0.0038898264461862705
-0.0012002026063566561
0.007237191062720391
0.0007539672170263583
0.0012472000063335315
0.01669004434262657
0.004301029624918075
0.0011686684198006648
0.0020093418923284785
-0.01221006486873899
0.0016703672593613367
0.012175954965275904
-0.0011129478001357448
0.0018102385914207564
-0.00510454540619127
-0.0012923517486286614
-0.0018672724380728546
-0.005455212145143293
0.0002310137236663647
-0.0018527260814823186
-0.005238109234890373
0.006484956427088537
0.0007960319757277593
0.000498241784862114
-0.006982482460921769
0.0051040982522872706
-0.00017938755654649127
0.00006852729343674351
0.0011093610119553867
0.0005650239505080403
0.0014020789724804028
-0.000162115811974301
0.0008196780371888694
0.0032534057014253276
0.0037951113480623
0.0005993408071667179
-0.000169098795351136
-0.001071140552520222
-0.0012164465419818487
0.0007617719409773335
0.00045724980301571774
0.0004553616148769845
0.0012893302202026875
-0.0011940744422346203
-0.0007216107984558066
0.0010522394450348193
0.00003320093253042594
-0.0005694872370420001
-0.0005726025848242013
-0.4523183325608505
0.24782731377395195
-0.2943358231107619
-0.4038435449648645
-0.024755784348422426
-0.016146499483197362
-0.3691652204770774
0.0661484603650244
0.11568345900881116
0.219608439616257
0.19122728502870076
0.028449934520822374
-0.03164934640572167
0.07676184714581015
-0.3382953492593897
0.051806671750013716
0.04387563068955604
0.10374972206384245
-0.03974434743033287
0.026223709942660017
-0.2288805224736209
-0.10509395405555896
-0.10579997560257672
0.09023939421356894
0.03752424087553627
-0.10530902396708157
0.01601904756880224
0.061644415964528784
0.12361227011057142
-0.13862273700076694
0.030020876056885522
-0.03258190673503601
0.04733650115557559
-0.11370121428523305
0.007208244080542597
0.0383174436411289
-0.09626138714545206
-0.06013707562180958
0.0850758485320697
-0.05809611037209853
-0.03531603466075779
-0.08286828500706817
-0.03405222154338267
0.024870146563106925
0.04065396053102011
-0.0012367820370841971
0.03608275641990072
-0.11459167061589227
0.025513692305592976
0.07565873434308754
-0.010823025935807227
0.05403410645325023
0.05864758771360705
0.022847393182883577
-0.004302915884863423
-0.04169985613635246
-0.012828334139883086
-0.04898457591593075
0.0011195151421543982
-0.03403808331478393
-0.04422770540629189
-0.10392463819260779
0.07507778504597182
-0.07073865621319889
-0.005968818188555637
0.00821441341753683
-0.0002926844153053931
-0.04613066989158921
0.0219037771011941
0.025636894104587585
-0.017788149001467593
-0.044917893570633534
0.030012788550340008
0.027552959417109817
-0.04360692531438094
0.01974453810805122
0.006294694216476057
-0.04877714367440781
0.0012031679243103637
0.008338063737502824
-0.012990323066971045
0.007091101661648254
0.002353750895919999
-0.03740197606317734
-0.014414076942335093
-0.04726186265549822
0.0236987544518415
0.027912177518134025
-0.03603215601007196
-0.003724319686693957
0.010721862988008764
0.004324910333866195
-0.03251037555367381
-0.0048101922435810325
0.017609197221977124
-0.038710034171393994
-0.031485474635165135
0.06494105946084001
-0.08083089289580334
0.018679771153349376
0.025283034314973047
-0.00039625039851697025
-0.007834581862533484
0.003578619300351611
0.028705848583647497
-0.0279406364647827
0.02047165196072519
-0.020820708004805902
-0.0234325188505137
-0.008496049352194458
0.04064035878058698
0.03847309916046748
-0.02656798245119042
0.003006713949438372
-0.007377307563986693
-0.01939841231691854
0.05684086835315027
0.0013342835025826406
0.0025104000741499187
0.0001786200164837417
0.015156636927267557
-0.013939513565825082
0.005151753635123222
0.018525672884485957
-0.008864320030618185
0.007757234429986701
-0.010076164906313419
-0.034359762755778456
0.015664959352203883
0.008472767013426247
0.011113414508907913
-0.0024864939531868326
0.023578469271764924
-0.0013205529365708617
-0.003946235954892711
-0.005318366695319402
-0.006164149369079791
0.015064475194521483
0.0019340012522920864
-0.007558244117555424
0.006048354474416393
-0.00793607860094173
-0.011398882715432143
0.012149369132087343
-0.0010921484914198803
-0.002909593089604809
0.0018162561860911733
-0.010452014605897774
0.00042373315187692724
0.00638576016460005
0.007349604107893818
0.007255930746992729
0.00015737058490300458
0.0006099820591367165
0.007899464065411267
0.0036225808397862586
-0.0029021327823180645
0.003547009660195691
-0.008534819242536034
0.0008127522375506668
0.00317353105050421
-0.00011568083283965181
0.002348170707573737
-0.0048363529270512165
-0.002948716431434202
-0.0007594824411077617
-0.0020846323157676294
-0.0002344787816065151
-0.0014707952580729341
-0.0032246545922118815
0.0042100446889760165
-0.0018000944943177164
0.00019921399246097503
-0.001945776606359702
0.0032248191963446613
-0.0002121162254165241
0.0004483547739048423
0.00006063763724048719
0.0005591399657433681
0.0005422791642420404
0.0003646934007448649
0.0005372031102278962
0.0020609083530055286
0.001343698299975843
0.000019326360891334684
-0.00012099941415099494
-0.0005457558409710278
-0.0004441710480289878
0.00033234257442310035
0.00038370205651449077
0.0001577944477250295
0.00023514944711234631
-0.0007909995283704443
-0.0003672934610088789
0.00048460616746788396
0.000040943262938672663
-0.00026174761661626824
-0.00025755488094464634
