198
-0.024531351997064882
-76.90147457203551 1.4233557166420881e-6
-61.19617088945686 -1.7404589206574684e-6
-53.44046774044292 3.1694012303475614e-7
-48.02839385634995 2.77266564786219e-6
-43.03111634571968 -5.211686039778741e-8
-39.67499295918098 -2.1803115587509124e-6
-36.80627888461298 1.7839449941192526e-6
-33.69551543953509 1.2020946046629522e-6
-31.595195896125283 -8.14730942228788e-8
-30.67699760971612 -7.228013975811176e-6
-27.955902115847106 -1.8363486492737707e-6
-26.546676468026636 -3.603470417149096e-6
-24.936121423776328 4.257716490333116e-6
-24.18542565939483 -6.620072692508913e-7
-23.303296385448096 -0.000010691329053653032
-21.710210615376344 -1.967013729757196e-6
-20.83604436987292 -0.00002135321198783688
-19.77839966551991 0.000014017787265937379
-19.393285359364647 0.00005108941281647121
-18.622636888660917 -5.87794676017938e-6
-17.81854230353146 0.00006345091093357995
-16.95299149271431 0.00002593047442801692
-16.493294109132243 -0.00003682046035875691
-15.657741052763445 -0.00007534122015960971
-15.507636983740824 -3.5133974955719777e-6
-14.87115479536608 -0.00013822813170894115
-14.405761750763734 0.00006889336553575517
-13.900269132182062 0.00013605162642425244
-12.953562769549338 -0.000019070348702764453
-12.909239517607618 -0.0001366160486844836
-12.641946434550475 0.0001094277277233667
-12.097480990599527 -0.0001975053485258419
-12.00513078176065 0.000039443617805449006
-11.170987612857296 0.0005016033437018537
-10.95692618356713 0.00009601712623667057
-10.738770695045824 0.0002771868346216631
-10.283481130103535 0.00022755311245989661
-9.856125936922245 -0.0002517251380045193
-9.774420057675659 -0.0002217833571550421
-9.578141786413344 0.00016924912946477503
-9.088562451439568 0.0005504249157432501
-9.040817490397272 0.00015418491942752126
-8.479151108406882 -2.550669667189438e-6
-8.290260276643991 0.0012638135439989638
-7.996059421917579 0.00013863225666987662
-7.8655921409527245 -0.00044300972273574187
-7.713879727555916 0.00016840652890294877
-7.369543096285837 -0.0004923021607051587
-7.303525085905158 -0.0006439557113002452
-7.036584064421589 0.0012938411270617123
-6.816876696024704 -0.00005131952722196777
-6.488579820797563 -0.000135801167581834
-6.434742551285172 0.0003096219727836335
-6.237542818159424 -0.0004640923938633032
-5.982723639205074 -0.001315432089362283
-5.74606112653985 -0.0013213224724356895
-5.703408048692718 0.0018302221057011404
-5.5333496851350485 -0.0004393864640670192
-5.428997003560944 0.00042817956126509386
-5.198385189535406 0.00006199908999837274
-5.0974188236084865 -0.0004414007043867211
-4.973980854135913 0.001504633704812663
-4.779299701416795 -0.000761957267102946
-4.578465636875699 0.002539054663378235
-4.4690492889727595 -0.0002619842126013039
-4.366152562595867 -0.0013528488687915665
-4.258382711589184 0.00021982320016599363
-4.142275256719305 -0.0016402371208860188
-4.072876265965024 -0.0010768775188962128
-3.9707266080036687 0.00001815751524293222
-3.7888204609864746 0.0012412732577057614
-3.6555897312262227 -0.00259092798514139
-3.532007686033908 0.0009836942685302649
-3.480265206676309 0.0003149152135311804
-3.3163415252183834 -0.0042049882190560465
-3.2741867896616155 -0.0009704032937216246
-3.184457019772247 0.004421606479318052
-3.1534916817470897 0.0004893456014159701
-2.961038226738435 0.0010781603741794293
-2.9403171965990125 -0.00015117922787874174
-2.8304245842154527 -0.0007597644476962142
-2.701350128375757 0.0003362096649576264
-2.634583635506795 -0.0020294797006395406
-2.557210378202168 0.001386791049415015
-2.467769264768163 -0.0001700861335130978
-2.3755035676919616 -0.003849417157953591
-2.3254209840797504 -0.0019516232193882326
-2.282218157123104 0.008252631798530462
-2.235136858899008 -0.00711382325600236
-2.140827711376438 0.002483640130914296
-2.0776488356187435 0.00007287434279852178
-2.0266672350261525 -0.0015133694610798213
-1.8954151576475666 -0.0009585501120828861
-1.8264363862238977 -0.00018216060584445547
-1.799737884404759 0.00006065671275236854
-1.775790775671104 0.00031665215592451923
-1.7129757640712957 0.004209577277136209
-1.622359392895653 -0.0054907748225106945
-1.5992261627451034 0.0077887159366955595
-1.5670672607235083 -0.007245952537177905
-1.5477192013672287 -0.0007120765869215426
-1.4180414849722376 -0.004955338828694254
-1.3949870146860859 -0.0029656517613938145
-1.364955217276169 0.0063379789982410525
-1.3458990533536566 0.007111613567640066
-1.3023402894211915 0.004193927069709397
-1.241395981492874 0.00048653115849214964
-1.1836224038506005 -0.0007469379367811705
-1.1716054557389168 -0.004178910027002703
-1.1189353242883782 0.002243533011574878
-1.0889959416350954 0.006121585137701761
-1.0751350516854448 0.008527751583835353
-1.0333379464609787 -0.009668736622968533
-0.982209947105106 0.002222165407822828
-0.9514037031363338 -0.0003151604353644352
-0.9039159674967144 0.0036651014253592127
-0.8859163739182776 0.02186181988607137
-0.8659954485476451 -0.010005765835760651
-0.8352237588205705 -0.00016176084913732292
-0.7922697866331461 -0.0018324650337249733
-0.777446574670124 -0.0073003293197706765
-0.7541760499892316 0.023203353326179937
-0.7230092234712256 0.0005694671995732292
-0.706932780900934 -0.016230483778481658
-0.6861692262992997 0.0012450817884436208
-0.6474079014766243 -0.0022329271744272313
-0.6208237976307285 0.002866905063377977
-0.602505614146265 0.02180561490012289
-0.5783615394676488 -0.00016640466030239936
-0.5702828387457213 -0.0059504073389230975
-0.5300841658815308 -0.005087554084959791
-0.5145562081557203 0.0004829363701411566
-0.49734636574422103 -0.03576158540625871
-0.4801178461539593 -0.0011192806049113778
-0.4625366507266964 -0.006604399028784105
-0.43897794936946916 -0.006517568422113391
-0.4243286970264936 -0.06442387799346119
-0.421281525246054 -0.006864359218641444
-0.4014968120941881 0.004633691816079374
-0.38079124920219687 -0.0037657087334527716
-0.3540574007822 0.007839158900509053
-0.34328173213726626 -0.004513252129815447
-0.3367484078888739 -0.012484718329649145
-0.3229987892490243 0.010630272603267214
-0.3109400694767709 -0.0025466627916775394
-0.299318625131334 -0.00987773226247774
-0.2798873043892766 0.01748167329593679
-0.2748950408685535 -0.011796401953283452
-0.2578719853995768 -0.01647646223732103
-0.23903178315182794 0.004017835845327955
-0.231048690510017 -0.04841201824398079
-0.21968003452240828 0.11571532960722031
-0.21257669633379392 0.003601124897161416
-0.20282306863888294 -0.000562869259426258
-0.19661874510144428 0.05628313005767461
-0.1881934704150241 -0.008736294384347277
-0.17949672438018568 0.024565136998076813
-0.16858730462856306 -0.010292540272250902
-0.16659042211825337 0.013684849894899393
-0.15588471917322458 -0.009203012557829056
-0.143759558960761 0.011249311042834323
-0.1390300004540581 0.008590548325879863
-0.12641645322419526 0.0016561355498328
-0.1229886164290177 -0.0079728263891935
-0.11588240517499356 0.11706677310676827
-0.10895420130039557 0.03799463795126979
-0.10501821189581648 0.04609488451462821
-0.09801582773291405 -0.06957961431744043
-0.09474443004497347 0.006837477589052728
-0.09040819879675106 0.11116780914158828
-0.08312628222408555 -0.0551159728005624
-0.07584616374430028 -0.2398101534223538
-0.07260999037097456 -0.005932454154090725
-0.06980633039629731 0.07638416351819728
-0.062038760226172746 0.0847920171342597
-0.06038866592078819 -0.00252631844017828
-0.056877307510796074 0.022490106497002952
-0.05363356297647368 0.02144503613234706
-0.05200611048092473 0.06598625323637221
-0.0492106729578119 0.13734205574801095
-0.04464431638870648 0.039102740025305116
-0.03762079167344267 0.024852091052071458
-0.03500665929649784 0.08748785344725608
-0.031320813457850254 0.42552860913077584
-0.029166080837651008 0.30035117664117983
-0.026473376880395177 0.027264013583771264
-0.025350695937242623 0.1340013699704387
-0.02469357940161351 0.29776096227423815
-0.02403729194711447 -0.017013031366484445
-0.021504689586671864 0.060343841065701904
-0.01824358140854931 -0.3618453016526974
-0.015318963719871504 0.32381734967010617
-0.012455380593241111 0.26803386706350363
-0.009059585404248253 0.03233263710165538
-0.0077689691644105725 -1.305005385497718
-0.006706289371033645 1.700782494918976
-0.005924279177997136 0.6312435215970572
-0.0057350763892027095 1.547619346482838
