48
0.0650528699139087
-30.636269375719603 -0.00003962037337294377
-21.13128472212754 -0.000028226372185580167
-18.26918886055369 -0.00008462176117539397
-14.160963277332186 -0.00003848522510288426
-13.369826934433009 -0.0007685925769143642
-11.243123095526482 0.0009188761173515947
-9.624878279875212 -0.00038752684192322066
-8.62142781223786 -0.000015411104797373245
-8.075728087309695 0.00318597155564973
-6.475639623525028 0.0004974372056674338
-6.317211937215521 0.003978144047519427
-5.620423869129757 0.0008570156150578178
-4.749989954481883 0.003505993839664842
-4.28785944965079 -0.002503411542552645
-3.9626214940750613 -0.011375681591346627
-3.486031643693317 0.004312572209853614
-2.927957911451817 -0.0014021974052485988
-2.7696402461801886 -0.0004481082181134751
-2.3439167689602876 0.021030778799894782
-2.248487532286778 0.0012359197870547064
-1.8030986943308447 0.012465307902218172
-1.7702843339604837 -0.008366646655906366
-1.6764333245315457 0.014586667458133966
-1.347557014152367 -0.00006877034096846122
-1.2166018308683488 -0.03173716057993465
-1.0848802045388513 0.0014905403899729015
-0.9366668832293218 -0.04135511439741946
-0.8735346903561486 -0.030088538204905563
-0.7383714462517489 0.010433994428393396
-0.6619924821999006 0.03197898006338899
-0.6066543730235356 -0.020894483591044226
-0.4713487171250126 0.07269896380504605
-0.3903166031784771 -0.1028669420930975
-0.3629086970308222 -0.002414491155746991
-0.3468927042304547 0.03316737476192915
-0.29335280937373287 -0.05285029148400557
-0.22788161284757552 -0.058101400889033226
-0.17925345221257785 0.02627479461516491
-0.15839797216185614 -0.17396457428709194
-0.14716803607892 -0.08867408035932178
-0.09412685178369819 -0.0349894626757719
-0.08797936012584812 -0.44919109884146136
-0.07480832797584315 0.16552750190879464
-0.056583465227307526 -0.0320521151346397
-0.04523592818481314 -0.1969329151049823
-0.02684603214651508 -0.06598497257046425
-0.02047513315966905 -1.226971998007746
-0.016252832428901517 -0.6457225237487475
