798
-0.009883786642640694
-178.57734807603822 -7.856560423732896e-9
-155.90631401247418 -8.983492649954287e-9
-139.82823577477754 -5.654872695433222e-9
-133.34084812913954 8.566113666193896e-9
-123.29735654007686 -1.1250235596842267e-8
-117.62991260739174 5.742008067985225e-9
-109.8422155192934 1.4827256394682752e-8
-106.5238807551026 -1.83333880786179e-9
-101.5104131881796 1.0502125255780955e-9
-96.84398613877748 -1.7969732602288047e-8
-93.68256926712435 9.907072632414243e-10
-90.42458446482665 -3.685821266932923e-9
-87.15064419502805 -1.9950862894281127e-8
-82.73229719436341 -1.8649451588030645e-9
-82.27803756302487 -2.4792710377547613e-9
-79.17945752463365 -1.7671576079658074e-8
-75.6262713044699 -1.390877405546251e-8
-73.51050567221428 1.6809277331704737e-10
-73.1558748138374 4.6787642707642056e-9
-69.90898551592635 -1.5719779309981303e-8
-69.06772391512747 -1.913055866701848e-8
-65.68707980884639 5.783281927541641e-9
-64.56040687208558 9.704558415149664e-9
-63.61777203747109 -7.750388474181429e-10
-61.80262044339442 -2.5661237108415956e-8
-59.42515825805753 9.041498098528068e-9
-58.920865749469016 2.9656793583825042e-9
-57.83494880949318 1.0543760907761252e-8
-56.44212232679808 -1.4444404169233497e-8
-54.822006703284416 1.7572872855701946e-8
-54.06094601766106 2.052114718976332e-8
-52.180899996124715 8.404318546770608e-9
-51.52523488647956 -7.326170308498322e-9
-50.366503653293286 1.2313104777286192e-8
-49.65389125923169 -6.057396573424442e-9
-49.15314380899857 -2.046291589304134e-8
-47.09188490949715 3.058341703940475e-9
-46.85417752106754 -8.876589912853658e-9
-45.58753161788666 -2.1703821105882076e-8
-45.22560008708552 1.0652859563442236e-8
-43.94244950617293 4.838949809505368e-8
-43.7367279626225 -8.740383780691671e-10
-42.43220833366999 5.607034012564104e-8
-42.25144634049235 -2.737365394509871e-8
-40.93967990054116 1.5172298829996e-8
-40.406348638722974 2.32797102429938e-9
-39.663039032932815 8.023216806444534e-9
-39.45453599999457 -5.1459217921291476e-8
-38.594746511729966 -4.5616850714195916e-8
-37.77533323545831 1.1153497225840552e-8
-37.32134657417036 -6.447464148091799e-8
-36.622229368638386 -4.26603981467565e-8
-35.91646130808563 1.4007665384838995e-7
-35.48102420897153 -1.0557053015596525e-7
-35.46222323489711 -2.2587776529273965e-8
-34.69792256617378 3.043647249435018e-9
-33.88791031735682 -2.032479888027882e-7
-33.85889833434648 4.205355571146937e-7
-32.80214901457914 1.2169470330753497e-7
-32.578311056486854 -3.33453422560305e-7
-32.002404410930204 1.4274795343616717e-7
-31.42868927163383 2.859503728956118e-7
-31.354333595070994 1.2418328727069305e-7
-30.892753032556488 -3.9795906867481e-7
-30.625065805142498 -4.0101872815201496e-7
-30.029003401029733 -3.669596478072722e-7
-29.617973185712476 6.644368518601374e-7
-29.31976029266935 -4.1060007600479473e-7
-28.66364584004824 2.952555926484885e-7
-28.526017793738653 -1.4790871866120205e-6
-27.749145826212597 4.121234147604712e-7
-27.64752502763585 1.6572711256613316e-8
-27.473143127726246 -7.263569971523093e-7
-27.241979053020895 -9.616018815165886e-7
-26.997666217359544 4.053877517844783e-7
-26.462737650660234 1.020296869106474e-6
-25.922467986772805 1.7021780011531848e-6
-25.859653501625846 3.083560080539573e-6
-25.64743550123601 6.478912796475201e-8
-25.064203762839224 7.74633600981562e-7
-24.749923001362177 3.2658415954111688e-6
-24.398391522247124 1.2952200522054821e-6
-24.33124258797446 4.892442014446345e-7
-24.026371704047232 -4.246706055848046e-6
-23.84921661924101 -2.9438464276452164e-7
-23.756446629033313 -1.4489142099114106e-7
-23.45321664392197 3.0877182609924916e-6
-22.948944868179247 -1.0807874105662258e-6
-22.842551239098814 -4.770057076566785e-7
-22.520536871556654 -4.927021166923213e-6
-22.309966119691804 -5.334209101170785e-6
-21.8597200335648 5.872599838535044e-6
-21.73297505167173 -2.565322887401551e-6
-21.509197749093723 5.583677463685536e-6
-21.42487921200457 -8.953347173900081e-7
-21.13035925084265 8.731021684043152e-7
-20.91610739026519 -6.432793022929565e-7
-20.77154548971901 -8.34539266746938e-6
-20.68720903836286 4.958308974783251e-6
-20.35133100090401 -3.9367620968535414e-6
-20.213154319794747 6.792498109757122e-6
-19.908631477156185 -3.981940564596799e-6
-19.73426302135463 -0.000010000695761163824
-19.49331616798673 -2.2270409764285517e-6
-19.30264650609533 -1.1959630486861397e-6
-18.994082787208207 -2.241078538331861e-6
-18.883169356763332 -0.00003195251060420445
-18.815376552446235 2.398119387117846e-6
-18.617805042607873 2.74775064962655e-6
-18.448388127201316 -6.755567308062479e-6
-18.31429214234832 -3.852144650183974e-6
-18.171439275744152 3.3798198995797315e-6
-17.919942118683004 -0.000022323051908851898
-17.84716684390416 4.3574506663721225e-6
-17.704227212728995 0.000011082911299940937
-17.388102874145048 -5.157248844934572e-7
-17.214933697797854 -0.000019625544808200956
-17.019696183398842 0.000020397319392450785
-16.96111096066419 1.8993487643999468e-6
-16.780826201757765 -0.000010043594307849998
-16.6792524060711 9.704751869763437e-6
-16.441248243243937 1.38335567093598e-6
-16.373205581304642 0.00002012078489726049
-16.26462626153214 0.000020470476222717906
-16.02420987551327 8.471080628150833e-6
-15.99268501994866 0.000018753892905786756
-15.815895601881422 -0.000028350712103993158
-15.62771440732006 -0.000019624339749879913
-15.546549259133544 4.3299449565903405e-7
-15.475147272880418 -0.00005795757868277075
-15.217655520507204 1.3932592838679545e-6
-15.027905204938369 1.2246627879939535e-6
-14.916798602228758 -0.000010666273305589526
-14.790289001832004 -0.000028864631382851204
-14.742488136451612 2.6209443096103536e-6
-14.677698765632954 -4.3461047424437157e-7
-14.550442762744005 0.00007086788041269966
-14.3723544910878 2.091755877992299e-7
-14.19926041732725 0.00001422040158564544
-14.142869343371567 0.00003677333529498978
-13.990767194076316 -0.00003210951089234006
-13.829533424632293 0.000010110282598825053
-13.644152958728704 -0.00005550096782962807
-13.625347328731673 -0.000021122873826954546
-13.594723929710192 3.222061969418375e-6
-13.461421559892182 0.000047977021502337046
-13.26342730046074 0.00003730326773092616
-13.211894578660868 -0.00007707761675009671
-13.043445486918538 0.000058139649917155934
-12.944504758739265 0.000012176657716983163
-12.887936616298827 -1.7910336321522174e-6
-12.77708028737982 -0.000021197544333449802
-12.758538506100788 -0.000011923595241632708
-12.56334340127134 -0.00008792688771584038
-12.513264122152746 -0.00002219051086591229
-12.308457336683704 -1.8113871600368336e-6
-12.247559159579406 -0.000015826774785420348
-12.139385511521958 0.00014953695533032532
-11.999737567406811 -0.000020749738707284274
-11.885529756123342 -0.000042616676297969334
-11.834600437623093 0.000028062462445616153
-11.745918861838545 0.000021904444649877586
-11.682590492563476 -2.055191344247601e-7
-11.600934337827397 -0.000045923533933220256
-11.529176992313245 -0.00002992153506258764
-11.406511651721523 -0.000054808458991444205
-11.307643831146272 -0.00013644440798308378
-11.169752165077767 -0.00012890285169819027
-11.135363980715875 -0.000060812487979710106
-10.989661944915222 -0.000039144303822472745
-10.952202335790107 -0.000014336002748612738
-10.909035978806047 -0.00006599787186096663
-10.824388966839837 0.0000684233003469994
-10.703289083522517 0.00008640732223645108
-10.537875953582613 -5.179388456607404e-6
-10.479767162145905 -5.898798278658104e-6
-10.422424411624268 0.00013511603700109632
-10.342477571994698 -0.00007381415480959033
-10.236836956982092 0.00003485740798226012
-10.197357695441898 -0.0002122435130110505
-10.172853153199656 0.00003841306968208657
-10.012937304246329 0.000018964230773918018
-9.936584505974315 -8.987313089499956e-6
-9.868629431753885 -0.00001552859139556552
-9.848342112503264 3.929457396870431e-6
-9.73744815132181 -0.00013479062220487083
-9.64455042414397 -0.00015214970076968783
-9.56985481536523 -0.00015561480265425943
-9.486859605506835 -0.000019344203265170903
-9.415973455600632 0.00007247266347626719
-9.34597599869293 -0.00011089419607966121
-9.243299821992231 0.00026221913141105175
-9.215512906000763 0.00010029903603959711
-9.12854600364354 -6.764321071377728e-6
-9.040085049992035 0.0002029254540516583
-9.029368566102123 -4.723774832795569e-6
-8.906287122245148 9.477448081260573e-6
-8.869885318964174 -0.000010843831881148808
-8.827012203421713 -0.00002388561715367087
-8.721548492344576 0.0002119002154342861
-8.65629901850559 0.00010484183648045139
-8.624821457685039 0.00036617987588095886
-8.532726501362932 -0.00006667598899722322
-8.473696796603459 0.00002436176792671258
-8.373801595446032 0.00006271756921400803
-8.291668375139503 -0.0001979453920362447
-8.246533788073268 -0.00012887899158284765
-8.153314870888728 0.00006691422783727645
-8.131740566005863 0.000027000788818988728
-8.066991372927152 -7.800549754798936e-10
-8.026647223381708 -0.00025266391686145815
-7.950443783602498 -0.00003507186019263186
-7.9311274101650495 -7.821176476015712e-7
-7.850732193312755 0.00036661664894108446
-7.822992659810631 0.000028817292831897015
-7.71079791412361 0.000021976218962369982
-7.663918079717107 -0.00007274250056056701
-7.599154647238034 -0.00007029660601886807
-7.538910818441692 -0.0005880112804194574
-7.496325997072613 0.00003205907758967661
-7.404557796851586 -0.00024150325019740883
-7.36674316126076 -0.00012846503208154692
-7.2871464276266895 -0.0002241055578593167
-7.246854154619194 0.00009873486585598669
-7.196025734824154 -0.000028565864631358893
-7.177406510181821 0.00019358459389714425
-7.095341660466154 -0.000043297993177703
-7.039280467539786 0.00004491716759341947
-6.99877484065714 0.00013459321272398043
-6.9499786820112375 0.0002404393181411225
-6.883319341987115 -0.000035667904600586606
-6.826015139544817 0.00024229877392279066
-6.7798722030556196 0.00037774007776377654
-6.733684883747476 0.0002541365083594425
-6.680951632399689 0.00022866205243323576
-6.630829530733661 0.00003177090727857902
-6.617767042962316 0.0005472688959996273
-6.56480578467955 -0.00013570500196321192
-6.484056809744252 0.000027479111269790344
-6.412220229040022 0.00011883638222413814
-6.355181480690799 0.00007564913629386897
-6.329135009034555 4.897932335645896e-6
-6.304774039869091 -0.000046883546744693876
-6.235969449390258 -0.00016609191837604358
-6.197908032476781 -0.00006906459018874575
-6.1260611883765845 -0.0001983293539194462
-6.097632304174088 0.00006149524655123617
-6.064523056247467 0.0008313341313969564
-6.004932675941943 0.0003281953811872965
-5.968971266586398 -0.0000603699099843406
-5.9382769813157505 6.177680848432164e-7
-5.895028174627047 0.0001766888913975936
-5.8705797158480175 -0.0006093884167563346
-5.785801754205573 -0.00036333464076016735
-5.733721633162646 -0.00036850548208274567
-5.70899353097577 -0.00010687324114905872
-5.650056024270182 -0.00020235768085579325
-5.622262968502093 0.00001754609543436888
-5.557077240889434 0.0001769717366077377
-5.501544517235367 0.00042107996068353005
-5.468925352403581 -0.0003493006400761564
-5.44379277554394 0.000012614807534892493
-5.417315128318262 0.00006405654493101989
-5.370742645855637 0.00010135816969077314
-5.333695923453865 -0.00016464082679937394
-5.286098249392815 0.000048688828059077096
-5.263806656054023 0.00014556164371982706
-5.234980244956635 0.00025033872147582777
-5.179140066772033 0.0005656104663049242
-5.122333279741711 -0.0001525688081561394
-5.092804358752201 -0.000446315563207313
-5.047283248984627 0.0006967562016361465
-5.033931671434131 0.0005284714323970348
-4.990523946563662 0.000024154138701164387
-4.944740688977494 0.000713392442790395
-4.918227627945228 0.0000899420893341862
-4.846334408396546 -0.000169931529613331
-4.816396284858377 -0.00011403361731065178
-4.8004612791574015 0.00010518040821412044
-4.742868684958019 0.00021078884235398512
-4.727662922592476 -0.00012748297371353363
-4.670509685653519 -0.000059303117125792996
-4.649929047300738 0.000018991393090781623
-4.627572701281762 0.00013731361099648422
-4.585865313885019 0.0000823137730855824
-4.561026090657502 -0.001257324562647338
-4.53817045099386 0.00011687731528316934
-4.50355644370317 0.00016446881926203985
-4.44707782067139 -0.001196018029173937
-4.423944693872219 0.00003278826337823996
-4.401883065930044 -0.00015212851195216498
-4.329636681330011 0.00027909358841787395
-4.316248394589083 -0.0002599543054681434
-4.282490237712731 0.00019015140990692953
-4.242601816872031 -0.0005862361900546323
-4.222007295327353 -0.00011679653814835514
-4.206050376862744 -0.0011139600900219881
-4.1413422683978665 -0.000024192253079717534
-4.096991011659834 0.0009563790150846076
-4.084787271556456 0.00045526628765330446
-4.076198658698334 0.00016677508974206973
-4.038548667768618 -0.00021636061331831017
-3.975778303106584 -0.00020164126660840085
-3.9666895715603094 0.000036302243295000986
-3.953355757032386 0.0002879689524023803
-3.9103422894354614 0.0000793479220537771
-3.8906499599534743 0.000193465084503482
-3.872389750440061 0.0004662961704415622
-3.817884701831454 -0.0002781088739630947
-3.778496855967461 0.0004713259079792384
-3.7557127433493354 -0.00015078039984439042
-3.7346249801723 0.00014430777272688038
-3.7198393423277043 -0.00015562333375625047
-3.671822735634026 0.00026669384845820075
-3.651399405908791 0.000010507949134233167
-3.619211882597779 -0.0005990411055319203
-3.598250049741907 0.0010324429194943578
-3.582450701806078 0.0014345783444961986
-3.5509802991324553 0.0004467438244935814
-3.5039004377459153 -0.0007149418224377166
-3.472911154302835 -0.0004824634594256395
-3.4626816821872546 0.001352706620467755
-3.4475058450817118 0.00013400846344209063
-3.368327496223584 0.0004974742058878733
-3.361872343563141 0.0009645443235387413
-3.3584566132915716 -0.000043745008744239133
-3.3010459132554266 -0.00007632076485308996
-3.2920061395373508 -0.000233139227129046
-3.273902644720709 -0.000045741569386516365
-3.2524698631350453 0.00005399244577947063
-3.225601450865194 -7.292179476670603e-6
-3.2185112209858646 -0.00005912522453276921
-3.210012739905736 0.00005777438027100779
-3.16214511386139 -0.0001755160526941874
-3.150301342205183 -0.00004836854366408289
-3.0987387538424382 -0.0004223939183126712
-3.0791778667893137 0.00017898467715381122
-3.0501377754809247 0.00013825306194546993
-3.0400406467539947 0.0007508275124236116
-3.00656365657227 0.0006666106558404594
-2.988534292868085 0.0034777220807852087
-2.9606124025571017 1.603869929144669e-6
-2.9324038672310686 0.0005577119872422192
-2.9077243360278726 -0.00007650898536078158
-2.897628164334031 0.0005178688107127412
-2.8782480261923244 -0.0003421238475088379
-2.8613724402458183 -0.0002398037905260209
-2.827389240763518 0.00024907709509740266
-2.8021817718915663 -0.0001265539797393911
-2.7870351160972286 0.000496385429662547
-2.767215426862207 -0.0007676560540058864
-2.739418348659657 0.0005235072326415869
-2.7291322613639566 -0.001378827246047037
-2.713200527313473 0.002150211671471729
-2.6942244991519795 -0.0008042501612336815
-2.6692147902740238 -6.986415355867514e-6
-2.6369514126544886 -0.00010791189058521617
-2.6211649181573073 0.00029444905965753777
-2.5798260652663534 -0.000010722395413445368
-2.5756860132598374 -0.000038714771927381786
-2.5521564895921727 -0.00015622137514673904
-2.545944302129114 -0.0005570024151297653
-2.512141537157485 0.00039048006397536745
-2.5021831562750623 0.00014394090917587457
-2.490806937391203 0.00033995909042299963
-2.4519139970488966 0.0001155662497797068
-2.431586031363843 -0.00027054884548167405
-2.425188679385274 0.00003354870793849341
-2.402753657501201 -0.0031805692538220813
-2.383012331905401 -0.0002489108938914056
-2.37086861029526 0.0017414532082597241
-2.3610554699674773 0.00001846368735592769
-2.3226094103993336 0.00023648465463246352
-2.30440997722247 -0.0002618250322127173
-2.290147297563026 -0.0017894929302434259
-2.270492995186995 0.00006900719081047136
-2.2503692289924033 -0.0003935597921455669
-2.243038751971862 0.0004457600025059023
-2.2126739171326992 -0.005854318464839623
-2.2025029292603526 0.00017650418562373756
-2.1938593330688323 -0.000011431705263345531
-2.1806369907205516 0.00008198488801561932
-2.1314307790968603 -0.00017788474836863213
-2.1250985744672435 0.000025330221226902438
-2.105271523275114 -0.00021039564377298156
-2.094643307384761 -0.0005142510602577208
-2.08321105196255 -0.0000764918294455029
-2.062793716669897 -0.0006311344837251928
-2.046412678713918 0.00023839567225304254
-2.0373968318587194 0.0002689565421735548
-2.016490117731892 0.00007712955532195915
-1.9953127410218858 0.00040259336549130977
-1.9810472670737715 0.0007470695811150134
-1.9728547563648127 0.0009915816480988021
-1.9642826817785162 -0.00022386081015757464
-1.9485218346357225 -0.00017692513658257547
-1.9293264061340387 0.0013818082580557018
-1.893683925722623 -0.000659149697379583
-1.8752018911424002 -0.0007783250188393788
-1.8612501914527648 0.00021689261632404364
-1.8502282044004739 0.00022469513301269153
-1.8416372257771345 0.0008936196289864948
-1.820456278104434 -0.000028548940685009307
-1.810577624881386 -0.00082016451614368
-1.7840673863828715 0.0026234465993085565
-1.7705700509189517 -0.00961458002336034
-1.7519402223814602 0.0009188727453457072
-1.7495502735099664 -0.0015317013095993265
-1.7438142739308515 -0.0007096651055230775
-1.7354767686535217 -0.00008301216750023944
-1.711697659448408 -0.0006059226361998715
-1.7044871329266726 0.0007213538870049917
-1.6865311052840553 -0.00031002873611258366
-1.6770255066402342 0.0007219110012831869
-1.6439690453707625 -0.00001916335993791777
-1.6324176712560818 0.0007554549783397933
-1.6256974149101153 -0.0021259856110687437
-1.6190618423366308 -0.000389049501132889
-1.604543685530629 3.774496166849532e-6
-1.5986648081811583 0.0003472294859547491
-1.5786342795861865 0.0006888771656577626
-1.5545596697280624 -0.0006211872529604113
-1.5438009538145896 -0.00020081222185464392
-1.5319882393497373 -0.00013580825357006275
-1.521418185480819 -0.00022005004767864164
-1.5054044605289756 0.00003567267703700975
-1.4894243205531763 -0.00010306882642400803
-1.4808337901146593 0.00011886201557058174
-1.4576255170982853 -0.0003200471913747279
-1.444883699489587 -0.0005964774128332152
-1.43997166623637 -0.0005458351336754865
-1.4088069101675833 -0.00007737513649328285
-1.4056460445216872 -0.0000416608045263411
-1.4008724052818229 -0.00023035458622753404
-1.3923478976025436 -0.00016870338309364117
-1.3797791826978927 -0.0029988601588558737
-1.3766416350145734 0.0004081896588571168
-1.3695269421742142 0.010959634570209252
-1.3402186192542411 0.00031343411344517244
-1.3278599723388758 -0.0012837404063128946
-1.325765340909211 -0.005283305636172613
-1.312956596814189 0.002533509838554204
-1.3025303015581715 0.0012820874149532646
-1.2919234246284554 -0.004602064080389482
-1.2880479246188465 0.0013919329645267012
-1.2782118361192463 -0.001884250494676845
-1.2642791230175203 -0.0004481288155551213
-1.2442386250530526 0.00010258225057551009
-1.227603726778731 0.00016881044271305245
-1.2233234152082266 -0.0005432095696542196
-1.2105023482206485 -0.0001653486140054907
-1.2037867604727173 -0.0003891861160285552
-1.1924566712033702 -0.0002886102862708011
-1.177909023700258 -0.0001463420110077043
-1.1701186906474905 -0.0002481743187265459
-1.157738379116044 0.0004409327386405733
-1.1439151218538113 -0.00039592036443512695
-1.1292461471867148 -0.000022273756773288026
-1.1249707722516018 0.00024503323283997275
-1.113080954260389 0.00010922586181429254
-1.0985834806342276 -0.00010305734010088754
-1.0920123503090526 0.0004079957660072014
-1.0820556282579765 -0.00009019847311042782
-1.070860167995259 0.0007336413190169037
-1.0683736320671033 0.0024100827064848303
-1.056266699354424 0.003445955860829109
-1.0555169623131446 0.0009457919212913408
-1.0377090500183794 0.0027608595750652854
-1.0290525098586303 0.0008907573183209256
-1.0228023004928681 -0.00536393713531549
-1.0143739107864975 0.004478829206160192
-1.0101083864288098 -0.00856601274289568
-0.9998536873987116 0.00006067301592699782
-0.9894696515215483 0.0009471775470311108
-0.979742006292816 0.00041913400009758317
-0.9727429979953155 -0.000035017163417041875
-0.9669713171360416 -0.00020573173390489742
-0.9487764665479228 -0.0046792330592861
-0.9446440885556588 0.00019275446889502473
-0.9299206934964301 0.0016736195555138705
-0.9246277589904617 -0.004395106084245665
-0.9145842638611751 0.00457575425123234
-0.9110074271728403 -0.0012518078140968997
-0.8984046307248379 -0.003631548595748369
-0.8946793249682551 -0.00033510301101648786
-0.8898864473890853 0.00010561175216049695
-0.8800374037569552 0.00020541320588409503
-0.868077137847599 0.00001478811703906242
-0.8617216678974027 0.00047200994441499034
-0.8492698101843749 -0.0003399565366181625
-0.8387683407090927 0.00003749712726627172
-0.8321259867108516 -0.0004869669493083967
-0.8255084315020784 -0.00040040181700706854
-0.8166772394690288 0.0002218359118016116
-0.8096563137336505 -0.000253221464532292
-0.80842760231614 -0.0028559912982045856
-0.8009306696803159 0.0028816393246668226
-0.7986467462316386 0.0002735853307540748
-0.7866953656964889 0.006177142721227169
-0.7799802696007453 0.004212111574951222
-0.777448478154486 -0.00016845830548862603
-0.7655419632529474 0.0010579225166116543
-0.7583405244273975 -0.003014499141959176
-0.7513560820878857 -0.0010419225625111085
-0.7443693031796229 0.0006997368388906392
-0.7315782719226407 -0.0005717254095467592
-0.7301148528528765 -0.004801130525848436
-0.7208743157951851 -0.0010924534548249155
-0.7169634438799205 -0.0018944600156751133
-0.7047992747041897 -0.008365816075012036
-0.6961983498999436 -0.0013700994719381076
-0.6934186149240077 -0.007405398573383614
-0.6913403052218008 0.003312227407167558
-0.684706041653274 -0.0016034048475873793
-0.676997881585325 -0.00001931030727351511
-0.6661355894000923 0.0003664490610731012
-0.6570780841767506 -0.002125714692933572
-0.6500398461404318 0.003935183092909573
-0.6499052544494215 -0.00045544222058665535
-0.6444821508545243 -0.005163935191787896
-0.6325762467087959 -0.0045737161882013445
-0.627479366850229 -0.0011302436896274623
-0.6248836706514692 0.009777947035058484
-0.6239775031996279 0.0010413482908905433
-0.615842149197841 0.00008822812108494763
-0.6078349929294614 -0.0001428599273658497
-0.6031699247367626 -0.00018769840940639694
-0.5924668655942354 -0.0031924732432105233
-0.5869250607234466 -0.00003746677740474627
-0.581959571219861 -0.0036298413258025915
-0.5732418788076107 -0.0005462553202960847
-0.5703971969025832 0.0019528139855843193
-0.5679555413328345 0.005521522887971611
-0.5663499374165767 -0.0014707229110205245
-0.5564179363776388 0.007684248793602882
-0.5539564071663527 -0.0017631722233782015
-0.548191963457709 -0.0012115698545019254
-0.5414745975952704 -0.0022323106801961767
-0.5343846268696062 -0.0019159430791356258
-0.5296734053733585 0.0018850204938185814
-0.5198413827074955 -0.0012583324147102417
-0.5189182725140487 0.003561776874837304
-0.5163974345692767 -0.0004799640284576754
-0.5006400790556704 -0.00041713726621161876
-0.49801679744061966 0.011308891196764821
-0.4968901877599569 0.0011446115628582492
-0.49176499569801174 -0.00510783965182355
-0.4869552841772683 -0.0001653006094398401
-0.4848551376984413 -0.003090931322082368
-0.4782791302091832 -0.0024527408618765364
-0.46766163705681624 -0.00022079774121619224
-0.4662039721281385 -0.0018360738625110918
-0.4631098790628011 -0.001943424270258162
-0.45797726584763415 0.004008624556831545
-0.4517423270377755 -0.00014697915083021585
-0.4458404065038594 0.01948740361926258
-0.4422497764424806 0.007623670838328443
-0.4407136267982594 0.003160848623631692
-0.43422199162170655 -0.0001628010586872564
-0.43195437686735133 0.0019347711505320422
-0.4233952889777156 -0.0009844628391343698
-0.4189530421719571 -4.354942199484075e-6
-0.41772117807546416 -0.003045184250531904
-0.4114880650634235 -0.002322445563335453
-0.40590069544297186 0.02307073671195003
-0.4031304027239429 -0.004728211441846554
-0.39974701829999987 0.0009240178383047717
-0.3960576968803318 -0.005311646604128394
-0.3897439956838464 -0.000048174491086974305
-0.38781295474485095 -0.0010491948936818879
-0.38231139298426287 0.0002893316126445597
-0.38094602347110884 -0.0019066166610028047
-0.3778686037805041 0.0005345995346590314
-0.3691031531777703 -0.00016730754083618267
-0.365479281982482 -0.0008692360003645281
-0.36153254940980484 0.0027449880046301932
-0.3586948704519992 0.014577088013929665
-0.3547789348169087 -0.0003778632158048216
-0.3531426484496781 -0.00041372853650775427
-0.3477264605378475 -0.0017118321842171996
-0.34363194394613866 -0.00035405101241747604
-0.3420252490042503 0.0010868580110112566
-0.33187173327869807 0.0006633668179661823
-0.32764059877810314 -0.006495398322619143
-0.32531817562060955 0.0012912079922982344
-0.32305010001149437 -0.007600751112303155
-0.3216518234127866 0.007294562226866035
-0.3150796111643676 -0.002407413212154267
-0.3148667602456677 -0.0003330671905532419
-0.3101729084534578 0.007559649741499496
-0.30501386759466514 0.0017283347495934884
-0.30216396695886344 1.6636123375544684e-7
-0.29922611360256934 0.0002490920319700228
-0.297866175983013 0.0007789266537851848
-0.2912508493365124 0.006428998763865465
-0.2887746060748607 0.009013605560562202
-0.28823970447543784 -0.024004011678452133
-0.2821197374480665 0.0015775329088989624
-0.2794283997926717 -0.004224283129263293
-0.27439973031672915 0.0002572420623528491
-0.2706891717095021 0.0019599523332113193
-0.2677566577848925 0.006516761595094185
-0.26283990339714974 0.012504091699208061
-0.26076637088063326 -0.005480421675909662
-0.2589762550783448 0.043314169561236356
-0.25844037231171674 -0.023652450771670462
-0.25414665041121437 0.001582762305133901
-0.2513978386881105 0.000051520405613251294
-0.24986408112793562 -0.0019393237297091607
-0.24788316151329914 0.00004986159036092258
-0.24535033786225546 -0.0012505313744215585
-0.2418130882170174 0.0013325073557773008
-0.2383753935977037 -0.003634900456928495
-0.2350321518709234 -0.0013982220045933905
-0.23172355003650938 -0.007378370370597747
-0.23043406618483497 0.005792499788597661
-0.2252194191342107 -0.000334913542868456
-0.22358611579529844 0.0002598318074127066
-0.22003377788595593 -0.0011021633375523682
-0.21522723291283102 -0.0040331441493128865
-0.21391821273264477 0.00028325515668068584
-0.21055543243694627 0.0013972005496176172
-0.20602382482454726 0.0018395668596157746
-0.20379757609690424 0.003479277313002923
-0.20227040205904145 -0.0015780169062624234
-0.2005811791008125 -0.014973771209298317
-0.19771901948748227 0.0004251931009843762
-0.1948422606625141 0.010768907120660453
-0.19320756362406222 -0.00036575520388661473
-0.19295328994696856 -0.00331060912258762
-0.1908741579884578 -0.007804883239211213
-0.18586394871457165 0.0012384960845806382
-0.1849525923986886 0.009877665483725219
-0.18194803501885282 -0.0008286487401784371
-0.18052450269969686 -0.007634449063525718
-0.17922419994573463 -0.002707705693141485
-0.17466465300219036 -0.0014724422445125452
-0.17161475544127075 -0.010530086961166632
-0.16953708351231112 0.01564960595009109
-0.16745739530865558 -0.012306938632917949
-0.16519205925997255 0.011902282234421167
-0.16376564591334747 0.0421710652939062
-0.16159486368669743 0.016144675773563263
-0.1600519325800991 0.055122610644960685
-0.1561645388654593 -0.021438706900791183
-0.15526659533277687 -0.0010788712309153833
-0.15437778896866558 -0.0021987428662142068
-0.15036448788615756 -0.010453727942784223
-0.14791760316126215 -0.00709013718529144
-0.14663503632719851 0.0020160555938960913
-0.1454313898626126 0.0017854143120200868
-0.14267450320383002 -0.0021408756880358995
-0.13910900719748928 0.00606291988382153
-0.13901855474870642 -0.0023894957169786216
-0.13668362254987168 0.002018985034399793
-0.1353745223967396 0.0002442964913364362
-0.13329371521306754 0.0024320179632689215
-0.13105370471279862 -0.001197860581885073
-0.12896754616419906 0.00821073317197355
-0.12765222212916924 0.004314565828883225
-0.12651935882595539 -0.002126535680832602
-0.12454681676751014 0.0013672847067730115
-0.12247085061455916 0.0018662895513479267
-0.12081674050887903 0.006316971896994073
-0.1203170429076118 -0.006525493076550775
-0.11780391846168448 0.014437245957682395
-0.11514628094903853 -0.005240446991862888
-0.11348664763742247 0.0110115426003073
-0.11179904805300638 0.0038036687282481892
-0.11077299804020647 -0.005296265583614997
-0.10804227408238914 0.007841220285695711
-0.10626218897453153 0.0009335863784851419
-0.10479803857773812 0.006809429923895956
-0.10384458777313345 0.011023841958919919
-0.10197772733121149 -0.030521707491891734
-0.10145744996038761 -0.01483498427181141
-0.09927690814536615 -0.007483274307925467
-0.0979630424808544 0.03205010379840279
-0.09784941300745842 -0.08500405388303539
-0.09434762490327765 -0.0030322288219374826
-0.09270716254315182 0.0006924446163748772
-0.09201675610752141 0.0050542041620266435
-0.0908353911013659 -0.07133965633464963
-0.08904918809617283 0.0054875844783431734
-0.08679472986816159 -0.0028748145390301255
-0.08464306720150586 -0.06769314587264656
-0.08435709744269307 0.0009351273166375474
-0.08362432241709021 -0.0011592836277048713
-0.08219166761529943 -0.03263737579621204
-0.08058495154024463 -0.0011821999074140199
-0.078548286750953 0.004659142130744992
-0.07798056979962616 -0.007792175785959199
-0.07703229186698936 -0.0034689814609061434
-0.07572117965610771 0.0009674844064751818
-0.07512711646407197 0.0026497181912923185
-0.07389539796229616 -0.02825255005124653
-0.07358605805367797 0.010034205107669485
-0.0718139832667633 -0.0014423592304569188
-0.07008060764638059 -0.01659522365099434
-0.06886026535242391 0.005453839464395982
-0.0681012274753582 -0.02121167656522073
-0.06716800832756521 -0.003050137891834436
-0.06500712598053321 0.008412558502154327
-0.06407466727141889 -0.003163127561506085
-0.06183045560732534 0.006128707735806317
-0.06166662457129998 0.006661496508496623
-0.05973871440921098 0.03815432216493967
-0.05961270123253618 -0.0025908455451301928
-0.0587781311323152 -0.0761551944351445
-0.05728901557840791 -0.012288458071114785
-0.05578348393894489 -0.02422881735700455
-0.05471676408438392 0.006992826390821831
-0.05454086140310438 0.0630661587304203
-0.053108815503080165 0.014500771718004126
-0.05206768142175201 -0.054095447856630785
-0.05102509243400415 0.02648894303656581
-0.050330932775962095 -0.033498709524329644
-0.050065462137430745 0.022067218753372097
-0.04873468804905188 -0.03975089787430991
-0.047672347760453454 -0.036815445920253174
-0.04661870830263456 0.027887160995588686
-0.046139013115302295 0.03223035693063597
-0.045576613502639966 -0.008864683222225425
-0.04424219319566797 -0.07471987564697406
-0.04295427535784381 0.06375036766450382
-0.04266913324648862 -0.04074150930681945
-0.0415200411107225 0.03400022989521272
-0.0411260198140492 -0.0516262518041886
-0.040384730494496486 -0.009506046886110665
-0.03935806357995038 -0.035878383947274106
-0.03881967296802714 -0.0364604582915278
-0.03734215057606113 -0.012567291289780607
-0.0358862429454033 0.006612031229541212
-0.03511200887498224 0.003568993498069418
-0.034699473989664616 0.018216354903356522
-0.03377808394836172 -0.02588319253861323
-0.03304901789532964 0.04383408024147494
-0.032400060888517664 -0.0057951132741323845
-0.031871464942227014 0.03123916068251899
-0.03141991453971431 0.00820897424925719
-0.031101126452193158 -0.04175042610405226
-0.03069665794282409 0.022286118090613406
-0.030152601500891035 0.07677763018617081
-0.02960127966495015 0.04281724462570448
-0.029092008624867688 0.07421435416350085
-0.02814787279744699 0.06019836168364464
-0.027883718384573455 0.017857464862904966
-0.027208863475217004 -0.008746638134535538
-0.025819093579203374 -0.01501884722055486
-0.02517935284979946 0.011593826662305608
-0.024483149072595137 -0.027228417487688124
-0.02284220235548516 -0.015228874456645699
-0.022592613461960825 0.1293549949135444
-0.022186544019164214 -0.28886965662996655
-0.021239063674313982 0.17152523407004797
-0.020493868375938033 -0.13240566379356472
-0.02010977748946389 0.007058812472360922
-0.019257644482605564 -0.02026249407964406
-0.019130298277659618 0.1557119355410343
-0.01869951017042854 -0.012925423558502035
-0.01822267139169002 0.032054045857379955
-0.01773450596841733 0.010348864856607893
-0.017632384473156307 0.01637604435686377
-0.01728652472327192 0.020672264908340992
-0.01703450834495885 0.0057078847511950566
-0.016970103014125226 0.009200543086057932
-0.01644529340461862 -0.003644000391827577
-0.01552871115612013 0.04334737183083952
-0.014874019403694563 -0.008421065333168049
-0.014660374132121548 -0.00404678080406077
-0.013289966676469013 0.011508979874276315
-0.012648397784610505 0.059964509027703145
-0.011802467461912661 0.0256637435410655
-0.011068035722471573 -0.02814128406000924
-0.010570396837488297 -0.26719430388169774
-0.00994770004733545 -0.24214458192956692
-0.009673409966254083 0.7647125710219858
-0.009510344144231927 0.07028836791209261
-0.008840513743572897 0.24868977861496674
-0.008513352067325645 0.09101280903590445
-0.008360953052198842 -0.08625498322622441
-0.007903781302052736 0.296271912910615
-0.007708947472173068 0.18220563245339774
-0.007433818706311235 -0.031569287376600114
-0.007201122965393302 -0.024474603378367682
-0.006202078456865691 0.07685839102676013
-0.005411287572509406 -0.39023488692326247
-0.005103306744247985 1.0965315192714753
-0.0045574158190262145 0.0007066371846488898
-0.003907298044073779 -0.10311924698382938
-0.003439788893889826 0.11645119658429452
-0.0030635205866930163 -0.10724184972220317
-0.0028214877973214807 -0.6111949951480256
-0.002524022289808726 1.6041826394068315
-0.002442008701949893 1.7200350686747305
-0.0021462801735104313 -0.31744925191052387
-0.001963157929381152 2.901354786756033
-0.0016792082731702026 -1.3575714702512296
