448
0.014285045265207129
-126.82781950381313 -1.4748104871597798e-7
-107.1812532881477 1.7271641196234198e-7
-94.61370565567094 4.509782611960758e-8
-89.40608431880298 -2.1908148134188664e-7
-80.38572719855364 -1.4074466637643085e-7
-77.04760946324214 -2.0952926652936085e-7
-70.02991581721496 -2.6465156133715145e-8
-68.71876700319532 2.477478852692737e-7
-64.08497120993601 1.773638531345622e-7
-59.99483342239918 3.5667642775151406e-8
-58.79900977757177 -3.8607453381961036e-7
-56.355973283970904 -1.2507798022782294e-7
-52.67399172994415 -5.987845044866126e-8
-50.34788416375941 -2.5752569123467235e-8
-50.17561932098949 4.558281737596996e-7
-46.703321704406164 -1.1517644613590182e-7
-46.5042824821613 -1.970683229228708e-8
-43.74775101367003 -3.228367787838074e-7
-42.496224563349145 -3.604532898779974e-7
-41.98959235830057 9.902521881179825e-8
-39.676705572631015 4.308236844417137e-9
-38.364182857929904 -1.943655599237511e-7
-37.43192582010419 4.96829410095076e-7
-36.840101925970565 1.920227137640844e-7
-35.68469162513741 -6.911681185423212e-7
-34.67993742840639 2.364922046523579e-7
-33.308151164615936 -2.986576770296616e-7
-32.47085156056468 -1.5693149097006157e-7
-31.704874646729234 -1.3471884791319377e-7
-30.97237128610979 -3.294500199463626e-7
-30.65415931382172 4.5244400066009166e-7
-29.814932793266728 2.665810885397757e-7
-28.42890294140943 -1.1940675182992566e-6
-28.19030519007102 1.4671139391617648e-6
-27.311574213779732 -5.537311422333813e-7
-26.740068809740027 -2.8933951458563395e-6
-26.582533046659016 1.7976957604434843e-6
-25.515870690968633 -5.812727261695456e-6
-25.33046452659364 7.046346616165695e-7
-25.158164198486528 -1.39569998517736e-6
-23.956865979308198 -2.102320546636323e-6
-23.422536276879935 5.516716459853422e-6
-23.119323587132488 -4.125141882893813e-6
-22.624846031047422 -2.282041455086359e-6
-22.35113462322871 -6.259663845755874e-6
-22.04207616915573 5.931043456026882e-6
-21.49679521929036 -4.374895092093972e-6
-20.98636701201285 -0.000011236472184239536
-20.94174009214996 -7.062100287143276e-6
-20.35818143500784 -9.355267959887919e-6
-19.881140270006487 -7.531344374126436e-7
-19.392961466697457 0.000011298820836993834
-19.065627219369134 3.31127928368999e-6
-19.02879801644413 0.000023910703693735277
-18.706297584727547 1.492666694837543e-6
-18.39315548259958 5.117864261818724e-6
-18.229428108813988 0.000040435760885777265
-17.53626782458241 -0.000019248582623380523
-17.453973122527366 -7.118408429104628e-6
-17.11114229643375 0.000032810391920103534
-16.82102497982117 0.000030402575647097475
-16.486832099583086 4.65410505856385e-6
-16.27691243875497 4.796183410307705e-6
-16.01961654699382 0.00004734154866252863
-15.924144715200939 -0.000011292204576349277
-15.64790456022777 0.0000209885705022853
-15.45429321436462 -5.403736923158306e-6
-15.054277922890796 -0.00010476698580676121
-14.665192142031097 -0.0000158050129384212
-14.655139417744442 0.00005970640996745268
-14.480838277910474 -0.000015718148133738668
-14.191422540776168 0.00001468211414709512
-13.877040877614563 -0.00009058296921650283
-13.778274962461335 0.000010016781342461641
-13.614578629731184 0.00003790551062655222
-13.383696278196654 -0.00009770118274656009
-13.270208888550961 -4.093109212564957e-6
-13.038892328339829 -0.00003429711709252495
-12.884773634099371 -0.000053429728526552405
-12.434172028943067 -0.00010495145587113935
-12.282404566482686 -0.00007735324778306198
-12.212071583708878 0.0001524740960392372
-12.079735969033031 0.00007095004079511307
-11.983017971091957 -0.000036255685562292595
-11.849653387853646 -0.000046591481094054204
-11.542556004277998 -0.00005806203348268379
-11.49148746359025 -0.0001547880223702252
-11.15534584338961 0.00008974802491263308
-11.07718893278694 0.000139375386486569
-10.898659685317789 0.0000175310859531824
-10.777251094103269 -0.00018803512619600384
-10.709272315611075 0.00007247097499154695
-10.512842637060139 0.00001950219206368345
-10.239942975391365 -0.00009944790653805037
-10.21383992069203 -1.329599889595794e-6
-9.963244650013108 -7.391288557126478e-6
-9.931694695510547 -0.00041132435451044435
-9.796831651065139 0.00009326482344589318
-9.737325688174002 0.00014038302742561712
-9.466164546042693 0.000015383586866532663
-9.386181459237108 -0.00039620568192220653
-9.316171716312782 0.000056673597652435284
-9.171922578704379 0.0001177097972729826
-8.94715124978932 -0.00018668305023784623
-8.82564531118931 -0.0001045466936017837
-8.722637078533147 0.000532795217196831
-8.65168968118012 -0.00003151481147100051
-8.52465156803804 -0.00004425814211319768
-8.507620381481043 -0.000016876691793186418
-8.362655620966176 -0.00016763242468576173
-8.139354744111971 0.00023956903550691771
-8.098815028578048 -0.0002786912247747639
-8.03996611003152 0.00014500324071477845
-7.823668042494149 -0.00036315867725538717
-7.7539341841441765 0.0003642132806849913
-7.6233864757732634 8.72498986251733e-6
-7.5123704825741315 0.00003544264331280149
-7.469199865130196 0.0000760645153088829
-7.3810890412577415 0.0005174717949791596
-7.266753931420997 -0.00006815051079832954
-7.197827745045644 0.0009474494854309293
-7.06983867977236 -0.00018528373702451751
-6.993732716279036 -0.00018789141458586353
-6.9077742808921165 0.0001685741084035147
-6.835499162099429 -0.0002836018107111918
-6.700884847932379 0.00016772684238847046
-6.554882821211087 -0.00007862883053568923
-6.543659701831542 0.0002556204827569933
-6.439088797869646 -0.000021711769381247405
-6.312383014065005 -0.00019126808316112664
-6.245362173192179 0.0008167029937957372
-6.203855098488194 0.0012084450322601293
-6.147508967115311 0.00007585038772527094
-6.029354340113116 0.00003818193691792553
-5.940366177347101 0.00003949738570580585
-5.880534159027296 -0.0001222993411809677
-5.840209417727426 -0.00015839025180108167
-5.7577281313784665 7.080859979246494e-6
-5.674097265962727 0.0006637410359120391
-5.5412338280023254 0.00027723152053387644
-5.503792246886109 -0.00015715353450036003
-5.482994993964978 0.0010466319660854782
-5.319703198845656 -0.001010444884442273
-5.242618443221344 -0.00010322824724718477
-5.209285075072953 0.0003283449078626974
-5.100911560140533 -0.0006744868127586991
-5.075555944707214 0.0005456747292647537
-5.005085459875839 -0.0007748166673059327
-4.952125584735675 -0.000028830625235781124
-4.929938842340593 0.0004925411351035139
-4.883793581633053 0.00025824990130110504
-4.766200267666167 -0.00040525307431140935
-4.714506650418429 -0.0006480396367121928
-4.610599275618979 -0.00006448671535622725
-4.5822320003742165 0.00014296063289574972
-4.4864162283884665 0.00010270716248077397
-4.467066056089129 -0.0001276549364750737
-4.363726456778854 0.0009812577479727152
-4.296790720909253 -0.00110317447059012
-4.271062996621685 -0.000653315697469318
-4.1932138954776565 0.0013348965867472195
-4.148115866124045 -0.0006338623176017911
-4.100636834987395 -0.0015835058154360059
-4.0836612783521815 0.0005564281161104243
-4.022628837488156 0.00031001903800797245
-3.9343309351164164 -0.00021660525905336725
-3.8968132776372504 0.00004225846295609036
-3.8593333606481672 0.00011185092897632861
-3.771479992896126 -0.00008867211105495503
-3.7575471799025455 0.0006307365583338323
-3.695917553791792 0.0006330398381089225
-3.6575942276313342 0.00002148931082925898
-3.5866419877481905 0.0005582617816076261
-3.560624571164627 0.00216586693815793
-3.4850214814861986 0.0010378889726295063
-3.4810730623747337 0.0003492527828614244
-3.4226816212078663 -0.0009658800465552369
-3.354793686857879 0.0008940645961779707
-3.3218362991715753 -0.0006638921238707336
-3.2910848514002504 0.00006358509340775555
-3.199100870262072 -0.0019380264584540352
-3.177265588516743 0.0012081758460007431
-3.157660159831258 -0.0011388367125595474
-3.132886486680486 -0.0007444936431418979
-3.0512578215793766 -0.00029748341537416434
-3.0206283386671857 -0.0008212246552375155
-2.978698629770596 0.0007609600483465553
-2.942825705657636 0.0006274080955624411
-2.8884727136712796 -0.00007886485085494117
-2.8796707592229125 -0.00046768595611012273
-2.85214229209369 -0.0005846033722183691
-2.7886584758616895 0.00009779615098426628
-2.7527746863452807 -0.00005433817012971413
-2.7331068340359725 -0.0019533977975539555
-2.659639769934168 -0.001558562519006372
-2.6373166555126124 -0.0030322983678621926
-2.599848741842227 -0.0004161403941869088
-2.541780361087351 0.0003727590093394669
-2.5064395836701316 -0.005373476498375241
-2.4746961784322457 0.0013629528468687402
-2.465886466787732 0.0003502740208662894
-2.4477413336761416 -0.000023881920843151118
-2.404850419953346 0.0003330284463736086
-2.3734424169707458 -0.0015093141942810666
-2.33400912351456 -0.0011201818417046064
-2.304778060698148 -0.0008184717569775538
-2.2841265895946647 0.0002922400869463286
-2.258809225118241 0.00026463747055724456
-2.200218828885946 0.00004186952305055746
-2.1481498892525033 0.0005200277672649399
-2.131456262247394 0.0007608320064491052
-2.109697544996013 0.00035035895530487074
-2.075001745059435 0.0007225560425611942
-2.025104502403905 0.0019940027125775308
-2.011972706578448 0.000748526441612353
-1.9824727267731568 0.0002815310319462676
-1.9669885911718967 0.00014803839004915882
-1.927633895820929 0.008517329429107011
-1.9134294216619308 0.0020807134779718996
-1.8685869258751628 -0.0048380303052702215
-1.8534315074611105 -0.003295481222955611
-1.8325397810152153 -0.000477099201133648
-1.8110338716527166 -0.00028133116080378604
-1.7926727009112167 -0.0034367277592235843
-1.7647449146425933 0.0005970879328614059
-1.726005164164973 0.00039328729829488557
-1.6973361169533427 0.00015242407148941193
-1.6925500257589643 -0.00012854346530212878
-1.658528490777967 0.00048653533452264956
-1.6066170855386674 -0.0011973631400857237
-1.580674190074371 0.00032988233745425083
-1.5530757678842313 0.00009242355038518706
-1.536040606229952 0.00029121796284366426
-1.5321159817978103 -0.0001889246766943694
-1.5168954371652443 0.00001251986339036152
-1.4796854763020393 -0.0012835941497932853
-1.4472322898445762 0.004696672510233548
-1.4324345990915286 0.00017030747382040687
-1.4214493725494464 0.0037902222382301307
-1.3983719674904278 -0.00009172588658217453
-1.377938502832987 0.007344434562131503
-1.3654254783964686 -0.0022597048386455063
-1.350180109581182 -0.013033169732922324
-1.3099448011558281 0.001085105220588523
-1.2896825051834921 0.0007429409500798611
-1.2771995841335408 -0.0001225088215173254
-1.261823809795839 0.00022404511468117488
-1.2413140774993439 0.000033194532143385896
-1.2176368963174338 -0.0005825102004330828
-1.20285638939959 0.0019030979324988727
-1.17891964580724 -0.0021155849632400843
-1.1572012563017422 -0.004524352594016505
-1.1411260312843432 -0.0012028242997619582
-1.1344959065471343 0.0028745675370945344
-1.1116122181238695 0.00013251950670522226
-1.1057341925930837 0.000249249231888911
-1.0770529815245642 -0.002453886567864715
-1.0668520434192899 -0.0009579714755360124
-1.0524886753203329 0.00038740516620977637
-1.0373461890593367 -0.0073883687640450835
-1.0108838059589207 -0.00030317107795337
-1.007295347373439 -0.0014577549735550577
-0.9815496301077402 0.0032819776955624277
-0.9693074327287374 0.008026931739580244
-0.9518075522313693 0.0065878336085570515
-0.9419466041021949 0.0038109015750350974
-0.9288565414269868 0.002306462758866068
-0.9251636366508681 0.0024159440437760333
-0.8901443179798793 -0.004014850498210139
-0.8758526768949157 -0.0024980743492937787
-0.8636952490385572 -0.004600083442960066
-0.8493108689426739 -0.0009712994829086413
-0.8398121652482826 -0.012814221302054242
-0.8349213061206234 -0.0021305683603139404
-0.8174289713605312 -0.0003944293194805711
-0.8126316332648915 -0.0002807961328646557
-0.7838078808607718 0.002438481883314047
-0.76828216676318 0.0013947886408803914
-0.7617041907475728 -0.0005813821117611423
-0.751785285746641 -0.0021423968207682983
-0.7423566426329663 -0.0032536651996149927
-0.7312383416454888 -0.009579680605611905
-0.719579082774713 -0.0036484740869507835
-0.70724295008132 -0.0002161753765164865
-0.6966095003046079 0.00006539167186296736
-0.6914016074795297 -0.008554268228560539
-0.6683612410640293 -0.0031754480640473386
-0.6569237022831536 -0.0005846542017393473
-0.6452762054856735 -0.001342270801152647
-0.6352886005068228 0.001709058008918641
-0.6240536498740233 0.014945276446864919
-0.6169680173953989 0.001347545502884638
-0.6129301317029845 0.007079964452219556
-0.5895903673922144 -0.0027007780540741367
-0.5808564926599686 -0.0018603154221578893
-0.5733912979597796 -0.00026052717898203816
-0.5610451136191956 0.0034271503010307753
-0.5573130699435836 -0.007303529189758596
-0.5475948238967283 0.022666367788931326
-0.5353114603944845 0.002428152488535349
-0.5252750367320859 0.003672506203117711
-0.5230332991808382 0.0009023095866638065
-0.5020618034402898 0.006375659948595563
-0.49694092361235387 -0.0025274980322924187
-0.49265091929563626 0.01941759830721623
-0.4916783318092061 0.00401039519740275
-0.4761643576051141 0.009500542436917015
-0.46665879306927516 -0.0035660943515322314
-0.4640580502196959 -0.0020022937570435754
-0.45004012962473333 0.002085268065876047
-0.4478411755074089 -0.000666157633720605
-0.4287394885265978 -0.0038187297883721977
-0.42317051114396487 0.00302920147675297
-0.4167078906660633 0.0012797551054431928
-0.4142430106160316 -0.0162396251943142
-0.4002118364178876 -0.00035497802428018413
-0.39522323160987377 -0.0026440563814441485
-0.3868337527766088 -0.002798070754645638
-0.3828532929655088 -0.00001920556584367606
-0.36972406758160015 0.0005876395566130466
-0.363206031479031 -0.008307451463281648
-0.3598075253248059 -0.028894861228324
-0.35113384929159075 0.002037996781777688
-0.3486384984638135 0.001033069621077749
-0.3344981474897095 -0.0025565322300328784
-0.32941370737435327 -0.005298434387347542
-0.3236761573928597 0.00736038869311302
-0.3180414815215439 -0.01888971282647581
-0.31462546051951285 -0.0031124151094966304
-0.30800754559601595 -0.03845380402561502
-0.3042512614806994 -0.03909760004619412
-0.2998621434764336 -0.004388548541842482
-0.29278208981859694 -0.0011197877595898605
-0.28959344749759725 -0.0016959848339370474
-0.2783593760345463 -0.0007983442003135405
-0.27600441268732273 0.015564334406975178
-0.2694686053924548 -0.0017551149107371087
-0.25900775334986004 -0.0002035707166432989
-0.25283674036016174 0.00032082091267743133
-0.2510159790982891 0.001201101198747196
-0.23859237580120957 0.000041398008045568476
-0.2377676044773723 0.010702785314705258
-0.23454174435576594 0.0013691939346252631
-0.2309269331279607 -0.005945060807438078
-0.22844524399895622 -0.010139059474427718
-0.2234781409132299 0.0062866267793169435
-0.22190853796999443 -0.0050861845596613785
-0.2132080528027255 0.009205298691805154
-0.20947612091413678 -0.005181847774858422
-0.20433922444078542 0.0008805047853688589
-0.19773092497964723 0.0038551030785135957
-0.1951369320425947 -0.018441359536631483
-0.18739840142096476 0.01745748717166204
-0.17982117603728678 -0.06078609181746068
-0.1793785651157508 -0.016908079099324024
-0.17612417294126062 -0.02819572014769301
-0.17369176177918982 -0.06045789387892731
-0.17173615996394834 0.007780300249403906
-0.16673192117131214 0.0033696529363891783
-0.16045682845904832 -0.0016556380346168483
-0.15859828526146105 0.027579226359270292
-0.15656295450803864 0.009998001634256388
-0.14933271799009337 0.000959296059025032
-0.14786421872736757 0.002725509436460932
-0.14497958482345114 -0.009165176493058987
-0.14159341647596113 -0.013176181179234595
-0.1357960438912633 -0.005634023652826543
-0.13445644910502125 0.000669871787332364
-0.1301006935129804 -0.015960084747466248
-0.12835301899377788 -0.007597205569147775
-0.12409219704106204 0.006609143628389496
-0.12276933653439182 -0.006017381853491639
-0.11954426899203721 -0.0013568715109753822
-0.11571003672313522 0.013380546666663738
-0.11138835299396165 0.002127308438773271
-0.10950456118010253 -0.0013630841865436348
-0.10749411900296436 -0.011257587886464556
-0.1030649701191914 0.11213960104705274
-0.10040385237549133 -0.0006209261400649603
-0.09813431658122 0.006313399569205452
-0.09622556060188182 0.08409935586700096
-0.09237468832273447 -0.0012627945890354892
-0.0890281493425461 -0.046895063679246805
-0.08637694677434565 0.05442091185935271
-0.08551113245902572 -0.020748391285254363
-0.08403241468389054 -0.0036076986797364506
-0.08137812073649356 0.06747201324663142
-0.08019686114557777 0.013548625995557919
-0.07723061742519045 -0.05710331773613726
-0.0747712645237132 -0.017290487118326238
-0.07381973854260485 -0.0092297517302249
-0.0724031429701594 -0.0035355287111161946
-0.06918547829528669 0.009897821596190941
-0.06681220835749242 0.03905593944909716
-0.06593967316276794 0.035349900419600046
-0.06175848105212282 0.010815064164319639
-0.05843869781373054 -0.0005941381415613592
-0.057232475075603056 -0.02687759464441169
-0.05615245162115038 -0.015572817382916012
-0.055513179406773215 -0.05287942839950079
-0.053324476725867334 -0.04714329012973805
-0.051936737205283 0.010900986500531893
-0.05111476707453596 -0.06910450649205899
-0.049126573944531585 -0.06863308164900256
-0.04762057843395899 -0.038033701393672084
-0.046747214280598436 0.017072871623558028
-0.04547349065487074 0.06966265267032612
-0.04280444885691464 -0.0257343116582739
-0.04152665616204756 -0.04577011907580803
-0.03847492479497538 -0.08038838495719615
-0.03689578858074287 0.24851967874336195
-0.034501029203918995 -0.13503994468491962
-0.033445868470409576 -0.07770223207063129
-0.033386251068981194 -0.08802269822245784
-0.03284444579001139 0.00294057184936251
-0.03101142336809854 0.05321361152423252
-0.02997904460169706 -0.02073777647942401
-0.02888350848234304 -0.00836030354115172
-0.02877183291924299 -0.0012627972332837636
-0.02791373933549949 -0.0007320442747147917
-0.02712518426322626 -0.0007040833048191937
-0.02607247153187628 -0.014625331128533018
-0.025231664779815918 -0.044881852594914486
-0.024901750279976896 -0.06431914106167465
-0.022566344558841277 0.006918309863224403
-0.020790320309867046 0.05601994719955272
-0.019687346638821077 -0.04360731053633755
-0.01739419514233898 0.03101056130556248
-0.016882665373165167 -0.2014530825483173
-0.01582550301182937 -0.396664578945417
-0.014520309639371443 0.6054683620958855
-0.014242993405989775 0.0059954153747024865
-0.013711242888961028 0.039786149251427004
-0.012727196800659108 -0.08277672593796997
-0.01261531768745339 -0.129623447336663
-0.012312403331686117 0.001548849403945868
-0.012019808863799244 0.0489242573458857
-0.009990963452919508 -0.16295016911912638
-0.008746213177888413 -0.6232743861300116
-0.007836157690474006 0.49482722750958785
-0.006697710615807332 0.07339013445907695
-0.005487049557995234 -0.10649397888179227
-0.004707996541062454 -0.3903668354299742
-0.004076363499035083 -0.34660205158139734
-0.003941927696158036 -2.5064350084263323
-0.00342245997583314 0.9093988808905568
-0.0031293610814830384 1.9535383077286383
-0.002833620826264639 1.267786832877863
