798
2.3893422486345114e-74
-178.57734807603822 -3.927447467921018e-6
-155.90631401247418 -4.552386874461556e-6
-139.82823577477754 -4.728361039804046e-6
-133.34084812913954 1.3494078400138308e-6
-123.29735654007686 -5.11163494792807e-6
-117.62991260739174 6.424056140800505e-7
-109.8422155192934 5.9442851581595104e-6
-106.5238807551026 1.0402389513568842e-6
-101.5104131881796 4.847438642305908e-6
-96.84398613877748 -4.013454678980232e-6
-93.68256926712435 -6.967332093113933e-7
-90.42458446482665 -4.102971932306936e-6
-87.15064419502805 -5.774998223850358e-6
-82.73229719436341 -1.6864248596687572e-6
-82.27803756302487 3.8316409085697606e-6
-79.17945752463365 -7.005451972690349e-6
-75.6262713044699 -2.3618366042583573e-7
-73.51050567221428 2.308208075234677e-6
-73.1558748138374 4.997697523994249e-6
-69.90898551592635 -4.469128747716388e-6
-69.06772391512747 -4.959487669793933e-6
-65.68707980884639 9.535927387443481e-7
-64.56040687208558 7.869631186677774e-6
-63.61777203747109 -3.328962765004054e-6
-61.80262044339442 -5.016773750751789e-6
-59.42515825805753 5.466942111463386e-7
-58.920865749469016 -3.613084718590432e-6
-57.83494880949318 5.834209771526833e-6
-56.44212232679808 -6.483533278784318e-6
-54.822006703284416 4.593730204355366e-6
-54.06094601766106 -1.2512897534574063e-8
-52.180899996124715 -4.322266849965803e-7
-51.52523488647956 -6.815107217105713e-6
-50.366503653293286 0.000010434325380730806
-49.65389125923169 -3.194817756492268e-6
-49.15314380899857 -0.000010627191030470653
-47.09188490949715 1.0627227019383415e-6
-46.85417752106754 -2.765068518996723e-6
-45.58753161788666 -7.634428017975357e-7
-45.22560008708552 8.538656877007326e-7
-43.94244950617293 -3.415678245975652e-6
-43.7367279626225 5.456171390492689e-7
-42.43220833366999 -0.000011087818787796921
-42.25144634049235 0.000013563136089132455
-40.93967990054116 -0.000022138406865436003
-40.406348638722974 9.418709719452556e-6
-39.663039032932815 -0.00001092939275274335
-39.45453599999457 0.00004595905194197566
-38.594746511729966 0.00004606518164001675
-37.77533323545831 -0.00002166118606924598
-37.32134657417036 0.00006010430100361753
-36.622229368638386 0.000040736630125948644
-35.91646130808563 -0.00007343908761044185
-35.48102420897153 0.00005417575093025356
-35.46222323489711 0.000017666762541075696
-34.69792256617378 -5.553204220986801e-6
-33.88791031735682 0.00009917502990481517
-33.85889833434648 -0.00014100673419834903
-32.80214901457914 -0.00011853505934649006
-32.578311056486854 0.0001866354902433403
-32.002404410930204 -0.00008247625090191952
-31.42868927163383 -0.00020296068250265036
-31.354333595070994 -0.00011524183792854147
-30.892753032556488 0.000251848666533963
-30.625065805142498 0.0002605428948734978
-30.029003401029733 0.00033965784742894564
-29.617973185712476 -0.0003726634563277262
-29.31976029266935 0.0003146591977064192
-28.66364584004824 -0.0002866409257786815
-28.526017793738653 0.000577101242998376
-27.749145826212597 -0.00023499787211817818
-27.64752502763585 -0.000021577763954166122
-27.473143127726246 0.0005881867027316268
-27.241979053020895 0.0006412138915814804
-26.997666217359544 -0.00032661792230239897
-26.462737650660234 -0.0006059200507037196
-25.922467986772805 -0.0008962207164386686
-25.859653501625846 -0.0011639220761365259
-25.64743550123601 -0.00008044253118137071
-25.064203762839224 -0.0006347591828263352
-24.749923001362177 -0.0012662213337997108
-24.398391522247124 -0.0008458427251685039
-24.33124258797446 -0.000636877551155755
-24.026371704047232 0.0015779083399483237
-23.84921661924101 0.0002414267714260148
-23.756446629033313 0.00015041323449059628
-23.45321664392197 -0.001937578294406212
-22.948944868179247 0.000982952025389755
-22.842551239098814 0.000295352377868415
-22.520536871556654 0.0024525388414591304
-22.309966119691804 0.002689457829632328
-21.8597200335648 -0.002871739012333677
-21.73297505167173 0.0019967946851001117
-21.509197749093723 -0.0023636199695444182
-21.42487921200457 0.0009449318802279944
-21.13035925084265 -0.0008287391958478974
-20.91610739026519 0.000441563564943703
-20.77154548971901 0.0034002179700369007
-20.68720903836286 -0.003235563074549046
-20.35133100090401 0.002751609067576533
-20.213154319794747 -0.004022546551360947
-19.908631477156185 0.0022708416990750574
-19.73426302135463 0.004533049024981602
-19.49331616798673 0.001964353067128599
-19.30264650609533 0.001768723363164323
-18.994082787208207 0.002045106113719306
-18.883169356763332 0.006784713717709853
-18.815376552446235 -0.0019006125648355094
-18.617805042607873 -0.002793963519548794
-18.448388127201316 0.004302310928887269
-18.31429214234832 0.00261765804689501
-18.171439275744152 -0.002033550596291905
-17.919942118683004 0.007929103906570903
-17.84716684390416 -0.003495667933674637
-17.704227212728995 -0.005870216813285448
-17.388102874145048 0.0005041838747274329
-17.214933697797854 0.008463643420653165
-17.019696183398842 -0.008114592925073612
-16.96111096066419 -0.001700746177890954
-16.780826201757765 0.007724754005867004
-16.6792524060711 -0.008381250992981449
-16.441248243243937 -0.0012389967567181357
-16.373205581304642 -0.009924197645726461
-16.26462626153214 -0.011309790413727764
-16.02420987551327 -0.00538513771107948
-15.99268501994866 -0.008860697772085242
-15.815895601881422 0.009937509997703176
-15.62771440732006 0.009344529969494834
-15.546549259133544 -0.0006702580003797549
-15.475147272880418 0.014652966788876018
-15.217655520507204 -0.0005239169878755181
-15.027905204938369 -0.0012177590280645452
-14.916798602228758 0.007724162339371524
-14.790289001832004 0.015029975762062107
-14.742488136451612 -0.00249331583799451
-14.677698765632954 0.000034666080811002987
-14.550442762744005 -0.017481573711541104
-14.3723544910878 -0.0002691371521561732
-14.19926041732725 -0.009947546215032835
-14.142869343371567 -0.01760342176909934
-13.990767194076316 0.013352931471365062
-13.829533424632293 -0.008655822300878325
-13.644152958728704 0.02100685924726172
-13.625347328731673 0.008468622670331624
-13.594723929710192 -0.0038245381853483336
-13.461421559892182 -0.02003237532516933
-13.26342730046074 -0.01522769388117194
-13.211894578660868 0.023590535913187157
-13.043445486918538 -0.022499573508806426
-12.944504758739265 -0.00843175251447539
-12.887936616298827 0.0010617660027250006
-12.77708028737982 0.01326213823029374
-12.758538506100788 0.013945623803162974
-12.56334340127134 0.024898550029294163
-12.513264122152746 0.013738613038772048
-12.308457336683704 0.002710959379411672
-12.247559159579406 0.009582799135627566
-12.139385511521958 -0.03218674715727387
-11.999737567406811 0.012024963483932276
-11.885529756123342 0.024613677032534448
-11.834600437623093 -0.015374140769788257
-11.745918861838545 -0.020617258797924087
-11.682590492563476 -0.0008488037526683668
-11.600934337827397 0.024868825179639398
-11.529176992313245 0.021786709946243286
-11.406511651721523 0.01821325320247477
-11.307643831146272 0.03622885365466026
-11.169752165077767 0.036472644063482294
-11.135363980715875 0.02894643726647217
-10.989661944915222 0.02069408700657309
-10.952202335790107 0.005560272916423124
-10.909035978806047 0.03249845059484197
-10.824388966839837 -0.028823201006926952
-10.703289083522517 -0.03490991226859083
-10.537875953582613 0.006204691393679924
-10.479767162145905 0.0006246909141022281
-10.422424411624268 -0.04254725495675304
-10.342477571994698 0.02990280143153254
-10.236836956982092 -0.020259229963863423
-10.197357695441898 0.04712006604601755
-10.172853153199656 -0.019522641032393494
-10.012937304246329 -0.016329250739527124
-9.936584505974315 0.008722515575215861
-9.868629431753885 0.012975067265307744
-9.848342112503264 -0.006632117120774003
-9.73744815132181 0.0348989694357561
-9.64455042414397 0.046747936781106704
-9.56985481536523 0.04813751408524846
-9.486859605506835 0.012973474180072416
-9.415973455600632 -0.0357626220935557
-9.34597599869293 0.032355305066198714
-9.243299821992231 -0.0567545993481162
-9.215512906000763 -0.039627692834691766
-9.12854600364354 0.004990956031653427
-9.040085049992035 -0.05249875063290167
-9.029368566102123 -0.0008275344659047514
-8.906287122245148 -0.012375194575299796
-8.869885318964174 0.00941981587583478
-8.827012203421713 0.027402545265270625
-8.721548492344576 -0.05216284182886965
-8.65629901850559 -0.04359965467173915
-8.624821457685039 -0.05934434726798164
-8.532726501362932 0.04035093979723983
-8.473696796603459 -0.015968576396306094
-8.373801595446032 -0.026863147819213343
-8.291668375139503 0.06378247329782237
-8.246533788073268 0.04291959331314023
-8.153314870888728 -0.01648909956145393
-8.131740566005863 -0.028440716104157125
-8.066991372927152 0.006137219608847545
-8.026647223381708 0.06754633420901457
-7.950443783602498 0.024126591470599878
-7.9311274101650495 -0.0011956283759023668
-7.850732193312755 -0.07784040329822545
-7.822992659810631 -0.028689407076421536
-7.71079791412361 -0.01891350325815426
-7.663918079717107 0.034192001101976885
-7.599154647238034 0.04435901678893134
-7.538910818441692 0.08184870308887734
-7.496325997072613 -0.0304074434164477
-7.404557796851586 0.07182883816330533
-7.36674316126076 0.050364992156055596
-7.2871464276266895 0.071467324696957
-7.246854154619194 -0.058522427952220825
-7.196025734824154 0.009959231532315323
-7.177406510181821 -0.07727122115320213
-7.095341660466154 0.0298172633447473
-7.039280467539786 -0.03616180690570004
-6.99877484065714 -0.06993670413889375
-6.9499786820112375 -0.05364958161491647
-6.883319341987115 0.021430547391722246
-6.826015139544817 -0.048833074163147895
-6.7798722030556196 -0.07684353477483191
-6.733684883747476 -0.06914071530569478
-6.680951632399689 -0.06858109567754847
-6.630829530733661 -0.02519830234665949
-6.617767042962316 -0.09833021571988879
-6.56480578467955 0.05363335903895553
-6.484056809744252 -0.013840416054045589
-6.412220229040022 -0.0733594403663631
-6.355181480690799 -0.05178648309504598
-6.329135009034555 -0.019289265799075465
-6.304774039869091 0.0185334901886101
-6.235969449390258 0.05705979358659691
-6.197908032476781 0.03724786733615209
-6.1260611883765845 0.07081117320463898
-6.097632304174088 -0.008352544417879287
-6.064523056247467 -0.11905826262105029
-6.004932675941943 -0.10922617048175559
-5.968971266586398 0.037736339186326726
-5.9382769813157505 -0.017094578043263628
-5.895028174627047 -0.031797021268484854
-5.8705797158480175 0.09207712184653014
-5.785801754205573 0.09287148567078032
-5.733721633162646 0.11586998800976422
-5.70899353097577 0.014501532159140563
-5.650056024270182 0.08940280542397826
-5.622262968502093 -0.019790168081408963
-5.557077240889434 -0.05817795529784561
-5.501544517235367 -0.11804347970398907
-5.468925352403581 0.11361547153525764
-5.44379277554394 -0.021576178410437973
-5.417315128318262 -0.06668703799246099
-5.370742645855637 -0.02150241767815086
-5.333695923453865 0.09575979952329551
-5.286098249392815 -0.03334843407242456
-5.263806656054023 -0.041332214573124595
-5.234980244956635 -0.04190054240082521
-5.179140066772033 -0.0509852406743869
-5.122333279741711 0.09549612314490163
-5.092804358752201 0.11261221046971201
-5.047283248984627 -0.12497730387788945
-5.033931671434131 -0.15071621679027172
-4.990523946563662 -0.045357560383515405
-4.944740688977494 -0.15055045004017933
-4.918227627945228 -0.06671983714304726
-4.846334408396546 0.06576430984855246
-4.816396284858377 0.05756433832866277
-4.8004612791574015 -0.0775421323197963
-4.742868684958019 -0.12420467978448958
-4.727662922592476 0.004515116254337194
-4.670509685653519 0.03961186571127563
-4.649929047300738 -0.030628582116783907
-4.627572701281762 -0.03975943472556019
-4.585865313885019 0.011272703548638123
-4.561026090657502 0.17831314617893962
-4.53817045099386 -0.06493493483185826
-4.50355644370317 -0.12201252438044653
-4.44707782067139 0.076142820332778
-4.423944693872219 -0.018872987865767302
-4.401883065930044 0.11779915466287093
-4.329636681330011 -0.06956859447250444
-4.316248394589083 0.13289259863319403
-4.282490237712731 -0.032696230197716405
-4.242601816872031 0.09513624927583872
-4.222007295327353 0.04526668957957579
-4.206050376862744 0.15077339882986707
-4.1413422683978665 0.0158871852891666
-4.096991011659834 -0.19787091367911833
-4.084787271556456 -0.15314966145841746
-4.076198658698334 -0.11801387406796537
-4.038548667768618 0.08583491968863781
-3.975778303106584 0.12692703090023316
-3.9666895715603094 -0.046332301048947505
-3.953355757032386 -0.07174682937511881
-3.9103422894354614 -0.07934832002684278
-3.8906499599534743 -0.07877319394914314
-3.872389750440061 -0.17107197385808448
-3.817884701831454 0.08103117548951157
-3.778496855967461 -0.053419641395452584
-3.7557127433493354 0.029501261280371373
-3.7346249801723 -0.1177088063672438
-3.7198393423277043 0.1222617244526734
-3.671822735634026 -0.1465902165831301
-3.651399405908791 -0.06607094955623932
-3.619211882597779 0.05977806671277809
-3.598250049741907 -0.16259147431959697
-3.582450701806078 -0.1660559985504385
-3.5509802991324553 -0.12495681379514738
-3.5039004377459153 0.15776764726133088
-3.472911154302835 0.19878303488079752
-3.4626816821872546 -0.24331477910660632
-3.4475058450817118 -0.12157299877944022
-3.368327496223584 -0.14805874886674125
-3.361872343563141 -0.17511658121067808
-3.3584566132915716 0.09979445705485353
-3.3010459132554266 0.132955491769875
-3.2920061395373508 0.17721138770422543
-3.273902644720709 0.0861299509158087
-3.2524698631350453 -0.08574533460324549
-3.225601450865194 -0.027491065907108894
-3.2185112209858646 -0.10934413462558353
-3.210012739905736 -0.09118290256321991
-3.16214511386139 -0.014346793106832576
-3.150301342205183 -0.0625815347588274
-3.0987387538424382 0.03715821225963168
-3.0791778667893137 0.028398208929579997
-3.0501377754809247 -0.15390203166206845
-3.0400406467539947 -0.07441830545893692
-3.00656365657227 -0.2323764928964211
-2.988534292868085 -0.2372721689453026
-2.9606124025571017 0.06490146519931357
-2.9324038672310686 -0.14341234264649563
-2.9077243360278726 0.08863437948873226
-2.897628164334031 -0.1967332949886937
-2.8782480261923244 0.20017268585403733
-2.8613724402458183 0.17497820553470747
-2.827389240763518 -0.11345917707372506
-2.8021817718915663 0.10473180083686788
-2.7870351160972286 -0.1931881872033936
-2.767215426862207 0.15230729981005178
-2.739418348659657 -0.06925784623679876
-2.7291322613639566 0.3000622000396908
-2.713200527313473 -0.3002812732644958
-2.6942244991519795 0.09764096242664802
-2.6692147902740238 -0.1308268284317922
-2.6369514126544886 -0.0216847043972074
-2.6211649181573073 0.10781433555279595
-2.5798260652663534 -0.10083401076526079
-2.5756860132598374 0.0900916078623587
-2.5521564895921727 -0.019095948933345125
-2.545944302129114 -0.0872062440656595
-2.512141537157485 -0.06534521019536807
-2.5021831562750623 0.08786894141114633
-2.490806937391203 -0.0161599885984073
-2.4519139970488966 0.039501090109932524
-2.431586031363843 -0.03852146327911195
-2.425188679385274 0.12106811405399473
-2.402753657501201 0.2768642885133317
-2.383012331905401 0.057110957286627476
-2.37086861029526 -0.2992007608328815
-2.3610554699674773 0.016827174220015218
-2.3226094103993336 0.09522512286851012
-2.30440997722247 0.1279129866904401
-2.290147297563026 0.28053817026332134
-2.270492995186995 0.16415162090033075
-2.2503692289924033 0.03313747943056584
-2.243038751971862 -0.26564335746370016
-2.2126739171326992 0.3952950448328315
-2.2025029292603526 -0.23983330179909768
-2.1938593330688323 -0.026595961130888832
-2.1806369907205516 0.1536200187091856
-2.1314307790968603 0.0665689576189763
-2.1250985744672435 -0.1643800195078882
-2.105271523275114 -0.0717169461655879
-2.094643307384761 -0.14422842829081248
-2.08321105196255 0.1285566981497002
-2.062793716669897 0.04262079260288172
-2.046412678713918 -0.17160708427566249
-2.0373968318587194 0.08595275646402366
-2.016490117731892 0.19375574393549305
-1.9953127410218858 0.008732506900337575
-1.9810472670737715 -0.1977190212009377
-1.9728547563648127 -0.15089698480702624
-1.9642826817785162 0.18128843577546921
-1.9485218346357225 -0.09711168828950972
-1.9293264061340387 -0.27718626828465137
-1.893683925722623 -0.13772800737562546
-1.8752018911424002 0.06603232557855244
-1.8612501914527648 -0.13740317485074993
-1.8502282044004739 0.05973123346842001
-1.8416372257771345 0.01663097276894482
-1.820456278104434 0.0370263128979218
-1.810577624881386 0.04908155721714726
-1.7840673863828715 -0.44469912910009
-1.7705700509189517 0.4391247439791668
-1.7519402223814602 -0.2634020645676843
-1.7495502735099664 0.3950802040409466
-1.7438142739308515 0.3584150063522036
-1.7354767686535217 -0.08221593878274085
-1.711697659448408 -0.018206092096541025
-1.7044871329266726 0.09791745850807279
-1.6865311052840553 -0.14766045512211862
-1.6770255066402342 -0.2548524328613571
-1.6439690453707625 0.0754071905873124
-1.6324176712560818 -0.2786160689963632
-1.6256974149101153 0.11388925981535862
-1.6190618423366308 0.03376180288172383
-1.604543685530629 0.17956499710180124
-1.5986648081811583 -0.18471521745062577
-1.5786342795861865 -0.20243562702144757
-1.5545596697280624 0.007656624815450001
-1.5438009538145896 -0.2313206959695603
-1.5319882393497373 -0.0050943094148040045
-1.521418185480819 -0.16257909973045317
-1.5054044605289756 0.09093422737446563
-1.4894243205531763 -0.25885547414534166
-1.4808337901146593 0.2287207002793493
-1.4576255170982853 0.10370080769281574
-1.444883699489587 0.009597142675094844
-1.43997166623637 -0.22015640235132197
-1.4088069101675833 -0.18708948874709508
-1.4056460445216872 0.08137806244744147
-1.4008724052818229 -0.16001908780161697
-1.3923478976025436 -0.08670431270091346
-1.3797791826978927 0.47564344136718384
-1.3766416350145734 -0.27293228856516655
-1.3695269421742142 -0.5261347910339758
-1.3402186192542411 -0.2563511166567825
-1.3278599723388758 0.1297723077102527
-1.325765340909211 0.47349617890231593
-1.312956596814189 -0.2381024977284006
-1.3025303015581715 -0.1877910289760471
-1.2919234246284554 0.18263268941881228
-1.2880479246188465 -0.19497482801090624
-1.2782118361192463 0.18600584193674977
-1.2642791230175203 0.2555651334199591
-1.2442386250530526 -0.2140035626699395
-1.227603726778731 0.14248712711185066
-1.2233234152082266 -0.15113974577617817
-1.2105023482206485 0.001283277027899096
-1.2037867604727173 -0.148205098645916
-1.1924566712033702 0.10241292126519717
-1.177909023700258 -0.2069935879786116
-1.1701186906474905 -0.17704128167452998
-1.157738379116044 0.2684515644780781
-1.1439151218538113 -0.20334123965170448
-1.1292461471867148 -0.11800169813999335
-1.1249707722516018 0.1845303388088836
-1.113080954260389 -0.21416886799037083
-1.0985834806342276 0.2603275279525373
-1.0920123503090526 -0.35858917814421204
-1.0820556282579765 -0.028412940748664
-1.070860167995259 -0.3149624099628704
-1.0683736320671033 -0.5284297750168705
-1.056266699354424 -0.5038952359681634
-1.0555169623131446 -0.36113009099582855
-1.0377090500183794 -0.5268347368439134
-1.0290525098586303 -0.04790884079384815
-1.0228023004928681 0.38971233863338034
-1.0143739107864975 -0.477189401927766
-1.0101083864288098 0.4626979832199208
-0.9998536873987116 0.17682049667774116
-0.9894696515215483 -0.4043376763154265
-0.979742006292816 -0.07948613270637483
-0.9727429979953155 0.15313327680272532
-0.9669713171360416 -0.04021952864092903
-0.9487764665479228 0.533330859884866
-0.9446440885556588 -0.08585790248978292
-0.9299206934964301 -0.24625588052520225
-0.9246277589904617 0.41469290412804716
-0.9145842638611751 -0.23715469976484282
-0.9110074271728403 0.10092404591403077
-0.8984046307248379 0.050855090116616944
-0.8946793249682551 0.01487954969195888
-0.8898864473890853 0.08917156964427864
-0.8800374037569552 0.09201990254563724
-0.868077137847599 0.02550335319530392
-0.8617216678974027 0.30895071335318103
-0.8492698101843749 0.20515789903419251
-0.8387683407090927 0.0345367775110255
-0.8321259867108516 0.23903968664669292
-0.8255084315020784 0.29381069817529126
-0.8166772394690288 -0.20800993464846076
-0.8096563137336505 0.029219820556924334
-0.80842760231614 -0.10299606422893065
-0.8009306696803159 0.07561193962912413
-0.7986467462316386 -0.48819394840347763
-0.7866953656964889 -0.6126311996526627
-0.7799802696007453 -0.6093542742823301
-0.777448478154486 0.31971069303033317
-0.7655419632529474 -0.43938821098215675
-0.7583405244273975 0.5945499746453586
-0.7513560820878857 0.27848078325469017
-0.7443693031796229 -0.35538817867530986
-0.7315782719226407 0.2698451994256871
-0.7301148528528765 0.6571669874986439
-0.7208743157951851 0.3962555827723776
-0.7169634438799205 0.39440134658676185
-0.7047992747041897 0.5750495213832477
-0.6961983498999436 0.2275454722930613
-0.6934186149240077 0.4536679434909592
-0.6913403052218008 -0.0838277119866608
-0.684706041653274 0.3311096717303257
-0.676997881585325 -0.12256713189760657
-0.6661355894000923 -0.15043358392263742
-0.6570780841767506 0.4612571822897131
-0.6500398461404318 -0.4834694467545193
-0.6499052544494215 0.09492969601023003
-0.6444821508545243 0.5037775909329778
-0.6325762467087959 0.3338731866620146
-0.627479366850229 0.09417181822629993
-0.6248836706514692 -0.12005434530045779
-0.6239775031996279 -0.14099189302715986
-0.615842149197841 0.08494188419638432
-0.6078349929294614 0.09726661246610678
-0.6031699247367626 -0.12318179797682303
-0.5924668655942354 -0.15432953329810015
-0.5869250607234466 0.3404115400381168
-0.581959571219861 -0.3658362033449743
-0.5732418788076107 -0.16238174886530551
-0.5703971969025832 -0.6069465266607003
-0.5679555413328345 0.24426577605446628
-0.5663499374165767 0.44836589496289886
-0.5564179363776388 -0.6901224207168812
-0.5539564071663527 0.526321674775721
-0.548191963457709 0.497925728174559
-0.5414745975952704 0.5147569389679418
-0.5343846268696062 0.5207633004409163
-0.5296734053733585 -0.5682445931042344
-0.5198413827074955 0.3788235709423556
-0.5189182725140487 -0.5392014307037812
-0.5163974345692767 0.30823538418572605
-0.5006400790556704 0.04724618626937054
-0.49801679744061966 -0.5905864418166826
-0.4968901877599569 -0.22303051840042196
-0.49176499569801174 0.5738039676387771
-0.4869552841772683 0.0811081810802713
-0.4848551376984413 0.48791346803720553
-0.4782791302091832 0.28536086304223107
-0.46766163705681624 -0.03524948901699661
-0.4662039721281385 0.38806399554697696
-0.4631098790628011 0.38136792603057146
-0.45797726584763415 -0.3939488534917062
-0.4517423270377755 -0.02080700355960111
-0.4458404065038594 -0.5907487102595168
-0.4422497764424806 -0.4395722983404321
-0.4407136267982594 -0.11161538364720804
-0.43422199162170655 -0.05010636321958354
-0.43195437686735133 0.11077343382731687
-0.4233952889777156 -0.04718482628090402
-0.4189530421719571 -0.165102517771968
-0.41772117807546416 0.4751817278953498
-0.4114880650634235 0.2454347552202419
-0.40590069544297186 -0.1403059518956438
-0.4031304027239429 0.3385722269532932
-0.39974701829999987 0.3837981222705568
-0.3960576968803318 -0.559801967905113
-0.3897439956838464 -0.5289048609119651
-0.38781295474485095 -0.5745567690135971
-0.38231139298426287 -0.1083609544391469
-0.38094602347110884 -0.4086596023512167
-0.3778686037805041 0.09507108858140198
-0.3691031531777703 0.15115682338799566
-0.365479281982482 0.18194475673567212
-0.36153254940980484 -0.4872522942934608
-0.3586948704519992 -0.7130288620360894
-0.3547789348169087 0.038543479083007155
-0.3531426484496781 0.0411151540392078
-0.3477264605378475 0.4535796168689425
-0.34363194394613866 0.1303568802295087
-0.3420252490042503 -0.36605001165152634
-0.33187173327869807 -0.19582990740300163
-0.32764059877810314 0.447408470139083
-0.32531817562060955 -0.26576978676195073
-0.32305010001149437 0.46449392407161283
-0.3216518234127866 -0.5187921744644725
-0.3150796111643676 0.42486521625113
-0.3148667602456677 -0.012088402572235408
-0.3101729084534578 -0.4752544713253548
-0.30501386759466514 -0.4731720368259992
-0.30216396695886344 0.21532884094533333
-0.29922611360256934 0.011250845733816104
-0.297866175983013 -0.21067071791149675
-0.2912508493365124 -0.6455912088204175
-0.2887746060748607 -0.6076572654236733
-0.28823970447543784 0.7883873005616338
-0.2821197374480665 0.17583479160207396
-0.2794283997926717 -0.12206498757559713
-0.27439973031672915 0.1861186670386695
-0.2706891717095021 0.004712516558607182
-0.2677566577848925 -0.06907331467826706
-0.26283990339714974 -0.17520174618740392
-0.26076637088063326 0.7258413451611244
-0.2589762550783448 0.0703981509825076
-0.25844037231171674 -0.17113223291280952
-0.25414665041121437 -0.6401382328383834
-0.2513978386881105 -0.2971276793309605
-0.24986408112793562 0.19543789074783596
-0.24788316151329914 0.06774733730583272
-0.24535033786225546 -0.19877012039587427
-0.2418130882170174 -0.18333084939573316
-0.2383753935977037 0.5286048974017568
-0.2350321518709234 0.41652891087400595
-0.23172355003650938 0.6131656616019395
-0.23043406618483497 -0.5552266527601419
-0.2252194191342107 0.21859024441614383
-0.22358611579529844 -0.1198941676915425
-0.22003377788595593 0.14557255615853415
-0.21522723291283102 0.11897869183157962
-0.21391821273264477 -0.13288695984819773
-0.21055543243694627 -0.1277747917261418
-0.20602382482454726 -0.17725757351024993
-0.20379757609690424 -0.20383751982304785
-0.20227040205904145 0.4308467308051158
-0.2005811791008125 0.7276848330814764
-0.19771901948748227 0.3644306784978754
-0.1948422606625141 -0.6687037778903944
-0.19320756362406222 0.5038412096656052
-0.19295328994696856 -0.08445937151214192
-0.1908741579884578 0.7391275008364623
-0.18586394871457165 -0.373327041486136
-0.1849525923986886 -0.8086398288536603
-0.18194803501885282 -0.17715577462908375
-0.18052450269969686 -0.2783543884447783
-0.17922419994573463 0.24502877608510845
-0.17466465300219036 0.5653197965849975
-0.17161475544127075 0.5735951588765273
-0.16953708351231112 0.029293638279417625
-0.16745739530865558 0.2216181291690919
-0.16519205925997255 0.3652131962284254
-0.16376564591334747 -0.6592058987300882
-0.16159486368669743 -0.3943345953353353
-0.1600519325800991 -0.05544693902203599
-0.1561645388654593 -0.007326000431332655
-0.15526659533277687 -0.04704459568049284
-0.15437778896866558 0.22357447962070925
-0.15036448788615756 -0.3235022222156451
-0.14791760316126215 -0.45143130556440586
-0.14663503632719851 0.1106896832846685
-0.1454313898626126 0.11173914022141579
-0.14267450320383002 -0.04073778646511589
-0.13910900719748928 0.034725375256453576
-0.13901855474870642 -0.10220486023215632
-0.13668362254987168 0.09118553667204259
-0.1353745223967396 0.1295954350411063
-0.13329371521306754 -0.5226779486747214
-0.13105370471279862 0.1914469887329084
-0.12896754616419906 -0.523019694329023
-0.12765222212916924 -0.6168191078467617
-0.12651935882595539 -0.2274329206743425
-0.12454681676751014 -0.7351434781086824
-0.12247085061455916 0.20633696701813836
-0.12081674050887903 -0.42638864770029067
-0.1203170429076118 0.04807943479266029
-0.11780391846168448 0.38925367807640576
-0.11514628094903853 -0.5578632019060471
-0.11348664763742247 -0.7260234697936411
-0.11179904805300638 0.009544142367947815
-0.11077299804020647 -0.2220673698677155
-0.10804227408238914 -0.38586397001140754
-0.10626218897453153 -0.45488462430355253
-0.10479803857773812 -0.39607508783000145
-0.10384458777313345 0.18603180851846637
-0.10197772733121149 0.7384407599470739
-0.10145744996038761 0.5220444331872613
-0.09927690814536615 0.24957277867115946
-0.0979630424808544 -0.3752296646530588
-0.09784941300745842 0.43994312030791805
-0.09434762490327765 -0.027689835814983434
-0.09270716254315182 -0.04363268781301359
-0.09201675610752141 -0.05773966197161682
-0.0908353911013659 0.10912481974762081
-0.08904918809617283 -0.08895497518876516
-0.08679472986816159 -0.02628866951797957
-0.08464306720150586 0.080681377758296
-0.08435709744269307 0.5321314332390942
-0.08362432241709021 -0.40951771612721183
-0.08219166761529943 -0.3937028899918135
-0.08058495154024463 -0.05061475519687804
-0.078548286750953 0.34651000584960207
-0.07798056979962616 0.07325293150876769
-0.07703229186698936 0.08041985062413433
-0.07572117965610771 0.5812977718417566
-0.07512711646407197 0.26309369972169144
-0.07389539796229616 -0.4696522804117097
-0.07358605805367797 0.6940442704073507
-0.0718139832667633 0.5772653231468357
-0.07008060764638059 -0.28099328981848554
-0.06886026535242391 -0.17114016648094996
-0.0681012274753582 -0.6160724022919069
-0.06716800832756521 0.5033210565523891
-0.06500712598053321 -0.03163338040339048
-0.06407466727141889 0.3994060368147877
-0.06183045560732534 0.6137219155870838
-0.06166662457129998 -0.4822720105847964
-0.05973871440921098 -0.6591378872668296
-0.05961270123253618 0.29651635690058203
-0.0587781311323152 0.5942197031449578
-0.05728901557840791 0.29841862091917315
-0.05578348393894489 0.5141625444289435
-0.05471676408438392 -0.4533841179141455
-0.05454086140310438 -0.49166421779297614
-0.053108815503080165 -0.46520784916645885
-0.05206768142175201 0.42602349607181933
-0.05102509243400415 -0.2947088139317459
-0.050330932775962095 0.10558979462269831
-0.050065462137430745 -0.29247570993614314
-0.04873468804905188 0.13708018454237744
-0.047672347760453454 0.06236547076843253
-0.04661870830263456 0.33865284228766174
-0.046139013115302295 0.06439539133985997
-0.045576613502639966 0.4825697114466852
-0.04424219319566797 -0.1722332237502366
-0.04295427535784381 0.4559270935974156
-0.04266913324648862 -0.26903444718611097
-0.0415200411107225 0.52836553722349
-0.0411260198140492 0.18137811352708658
-0.040384730494496486 0.3815431798822596
-0.03935806357995038 -0.47640724890434216
-0.03881967296802714 -0.5108804718894073
-0.03734215057606113 -0.37558992753300835
-0.0358862429454033 0.19434026543114194
-0.03511200887498224 0.37348363844925675
-0.034699473989664616 0.5191586183151942
-0.03377808394836172 0.6121840993306187
-0.03304901789532964 -0.6076066542357886
-0.032400060888517664 0.30041276614119783
-0.031871464942227014 -0.6085554432913032
-0.03141991453971431 -0.4626874851115847
-0.031101126452193158 0.5903233675608083
-0.03069665794282409 -0.5652645644216989
-0.030152601500891035 -0.5669978012328311
-0.02960127966495015 -0.4362621775951308
-0.029092008624867688 -0.42978382609586124
-0.02814787279744699 -0.28917241094833374
-0.027883718384573455 -0.1926124608505826
-0.027208863475217004 -0.2262045309058793
-0.025819093579203374 -0.09127085441791967
-0.02517935284979946 0.13622375176245197
-0.024483149072595137 -0.28912341561373783
-0.02284220235548516 0.008902136271472622
-0.022592613461960825 0.1393816260424161
-0.022186544019164214 -0.18231436509261847
-0.021239063674313982 0.040554167281485164
-0.020493868375938033 0.09525564782439237
-0.02010977748946389 -0.08933753716786941
-0.019257644482605564 0.5813318831073973
-0.019130298277659618 -0.6498831076520288
-0.01869951017042854 -0.38241819881847344
-0.01822267139169002 0.24697969048524857
-0.01773450596841733 0.11772697005052306
-0.017632384473156307 0.4125747862910157
-0.01728652472327192 -0.38716336130804513
-0.01703450834495885 -0.3118962136895147
-0.016970103014125226 -0.24019850608499788
-0.01644529340461862 -0.007069175927476035
-0.01552871115612013 0.5079447184641619
-0.014874019403694563 -0.3671048610168331
-0.014660374132121548 -0.1719105365102364
-0.013289966676469013 -0.05055956985674737
-0.012648397784610505 0.011851710692311437
-0.011802467461912661 0.10413561377398038
-0.011068035722471573 -0.04938334395722242
-0.010570396837488297 0.1673154219705359
-0.00994770004733545 0.1295989326617349
-0.009673409966254083 -0.3168351885028438
-0.009510344144231927 -0.008433186745376247
-0.008840513743572897 -0.2236177537355015
-0.008513352067325645 0.47149883548646254
-0.008360953052198842 0.04928358483888341
-0.007903781302052736 0.8397575906259845
-0.007708947472173068 -0.26213284002849396
-0.007433818706311235 0.28822491175850645
-0.007201122965393302 0.061164812789959014
-0.006202078456865691 -0.119384641236888
-0.005411287572509406 0.12247232501884056
-0.005103306744247985 -0.058933358905894816
-0.0045574158190262145 -0.0812602070246642
-0.003907298044073779 -0.026035588612274556
-0.003439788893889826 -0.11796078581120294
-0.0030635205866930163 -0.020493348844257814
-0.0028214877973214807 0.24362056434201687
-0.002524022289808726 -0.38841787865012534
-0.002442008701949893 -0.4581693252680331
-0.0021462801735104313 -0.7748870078683637
-0.001963157929381152 0.40582778198319663
-0.0016792082731702026 -0.14101106198968516
