448
-2.4019187849681574e-83
-126.82781950381313 -4.828206149815013e-6
-107.1812532881477 5.8485597373050345e-6
-94.61370565567094 5.163276537986715e-6
-89.40608431880298 -4.101227653725221e-6
-80.38572719855364 -6.1055355897306265e-6
-77.04760946324214 -4.9225496316136364e-6
-70.02991581721496 -5.948561499410357e-6
-68.71876700319532 7.2411759552130495e-6
-64.08497120993601 -4.851145107346254e-7
-59.99483342239918 1.4347743483461986e-6
-58.79900977757177 -8.80898786553242e-6
-56.355973283970904 -3.3540242021267143e-6
-52.67399172994415 -6.938567369014177e-6
-50.34788416375941 5.806670304490731e-7
-50.17561932098949 5.837862172993791e-6
-46.703321704406164 9.180836173474549e-6
-46.5042824821613 1.7588392821304572e-6
-43.74775101367003 -0.000021769373823270493
-42.496224563349145 -0.000024425932441721062
-41.98959235830057 2.1292472326620235e-7
-39.676705572631015 -0.000024913721519823922
-38.364182857929904 0.00003271565836548537
-37.43192582010419 -0.00004911053999431191
-36.840101925970565 -7.467710311041259e-6
-35.68469162513741 0.0000873383656181206
-34.67993742840639 -0.00008538593221893236
-33.308151164615936 0.00015581099846478526
-32.47085156056468 0.00016010966961145094
-31.704874646729234 0.00023048901166078967
-30.97237128610979 0.00031151442368883823
-30.65415931382172 -0.00024987158265090835
-29.814932793266728 -0.0002582950940881692
-28.42890294140943 0.0005036596531993791
-28.19030519007102 -0.0005513157295180824
-27.311574213779732 0.0003574179988242044
-26.740068809740027 0.0006653630343265754
-26.582533046659016 -0.0008035977209398559
-25.515870690968633 0.0012865271523195292
-25.33046452659364 -0.0003719800622774189
-25.158164198486528 0.0007790721413778914
-23.956865979308198 0.001097559577846934
-23.422536276879935 -0.0018302427059274245
-23.119323587132488 0.0020297183590394286
-22.624846031047422 0.0010841527616913243
-22.35113462322871 0.002462958039093981
-22.04207616915573 -0.0025306906653112236
-21.49679521929036 0.002061696352050823
-20.98636701201285 0.0037257818655787793
-20.94174009214996 0.0029887576053777825
-20.35818143500784 0.003335269827965468
-19.881140270006487 0.0004965984744246425
-19.392961466697457 -0.004933646380907023
-19.065627219369134 -0.0017041434719325445
-19.02879801644413 -0.00592390731847187
-18.706297584727547 -0.0011125687208597818
-18.39315548259958 -0.00216908156952247
-18.229428108813988 -0.00777944821620847
-17.53626782458241 0.006593114855426919
-17.453973122527366 0.004178313553326359
-17.11114229643375 -0.008427069242742419
-16.82102497982117 -0.008802200377143273
-16.486832099583086 -0.004869157134846297
-16.27691243875497 -0.0035021659124369756
-16.01961654699382 -0.011848772243317082
-15.924144715200939 0.00507090520947135
-15.64790456022777 -0.010856947291539019
-15.45429321436462 0.002431561296207716
-15.054277922890796 0.017009565650160072
-14.665192142031097 0.006789248954625168
-14.655139417744442 -0.016763970260370843
-14.480838277910474 0.005847195849836412
-14.191422540776168 -0.009259212521715436
-13.877040877614563 0.020620400980671187
-13.778274962461335 -0.007333468406856878
-13.614578629731184 -0.016040648222172854
-13.383696278196654 0.02060107503804832
-13.270208888550961 0.0024204963958091128
-13.038892328339829 0.017659023775817264
-12.884773634099371 0.015612952121015178
-12.434172028943067 0.025997222781859713
-12.282404566482686 0.022882936844157098
-12.212071583708878 -0.029310491874545288
-12.079735969033031 -0.022900708458237135
-11.983017971091957 0.015238624616117306
-11.849653387853646 0.019885739574526294
-11.542556004277998 0.022072776418986313
-11.49148746359025 0.03461757274514577
-11.15534584338961 -0.025085670402779613
-11.07718893278694 -0.032549052115199865
-10.898659685317789 -0.008472739237708644
-10.777251094103269 0.04160036477670819
-10.709272315611075 -0.03205254543472503
-10.512842637060139 -0.00991880507617388
-10.239942975391365 0.037623205932902214
-10.21383992069203 0.0034005681338604597
-9.963244650013108 0.00046650737804907513
-9.931694695510547 0.053719566830354455
-9.796831651065139 -0.027805898581873715
-9.737325688174002 -0.03664670346507056
-9.466164546042693 -0.007903219021610442
-9.386181459237108 0.05729172873709561
-9.316171716312782 -0.025319734499005445
-9.171922578704379 -0.0290483523533898
-8.94715124978932 0.05174501792752038
-8.82564531118931 0.03763435233155068
-8.722637078533147 -0.061894000042001476
-8.65168968118012 0.021001656406139168
-8.52465156803804 0.02781562903446146
-8.507620381481043 0.007915605666240538
-8.362655620966176 0.02522237062674475
-8.139354744111971 -0.06537147062812819
-8.098815028578048 0.06565103382252381
-8.03996611003152 -0.05362432506821115
-7.823668042494149 0.06455497995732594
-7.7539341841441765 -0.06612714146545891
-7.6233864757732634 -0.003986272333330616
-7.5123704825741315 -0.0099498507088136
-7.469199865130196 -0.011623296006876078
-7.3810890412577415 -0.07340498705645941
-7.266753931420997 0.022465570971199268
-7.197827745045644 -0.0900575833981372
-7.06983867977236 0.06610993172012397
-6.993732716279036 0.07370127961176211
-6.9077742808921165 -0.052808334065695614
-6.835499162099429 0.08122356238102474
-6.700884847932379 -0.027489381079238935
-6.554882821211087 -0.010226967950577051
-6.543659701831542 -0.06553850432744839
-6.439088797869646 -0.011478817686573363
-6.312383014065005 0.032075176045167575
-6.245362173192179 -0.10915813563866042
-6.203855098488194 -0.11288528273463683
-6.147508967115311 -0.03320496772104882
-6.029354340113116 -0.039107551325238826
-5.940366177347101 -0.017239635736913735
-5.880534159027296 0.05259406337709856
-5.840209417727426 0.07193414373977061
-5.7577281313784665 -0.02447811112385856
-5.674097265962727 -0.12084042434315681
-5.5412338280023254 -0.09182258887833274
-5.503792246886109 0.06919480910594264
-5.482994993964978 -0.11385477770730365
-5.319703198845656 0.09308864238203356
-5.242618443221344 0.06060526256797479
-5.209285075072953 -0.0485488149778013
-5.100911560140533 0.11052653314149094
-5.075555944707214 -0.1261284001417431
-5.005085459875839 0.12765922860532045
-4.952125584735675 0.03727268638622076
-4.929938842340593 -0.08625300694448043
-4.883793581633053 -0.08827928823594913
-4.766200267666167 0.13324192764116513
-4.714506650418429 0.13679130511267087
-4.610599275618979 0.0016348217487819653
-4.5822320003742165 0.04775286143824172
-4.4864162283884665 -0.08271234218466562
-4.467066056089129 0.04745337767144592
-4.363726456778854 -0.11228262401192965
-4.296790720909253 0.15452431935276503
-4.271062996621685 0.12699644963403028
-4.1932138954776565 -0.16317970382281693
-4.148115866124045 0.062010507000007584
-4.100636834987395 0.18391792171501514
-4.0836612783521815 -0.151800856409884
-4.022628837488156 -0.10366031983616508
-3.9343309351164164 0.11298665938107484
-3.8968132776372504 -0.0837399123025536
-3.8593333606481672 -0.0305743541208065
-3.771479992896126 -0.056105328788347515
-3.7575471799025455 0.017764708969085465
-3.695917553791792 -0.14217764791058615
-3.6575942276313342 0.05735758920729278
-3.5866419877481905 -0.11360006718905628
-3.560624571164627 -0.20070193723234084
-3.4850214814861986 -0.19065443359309353
-3.4810730623747337 -0.1410212917736891
-3.4226816212078663 0.0829852496231973
-3.354793686857879 -0.20909452088971567
-3.3218362991715753 0.07568165433486569
-3.2910848514002504 -0.06483360989494819
-3.199100870262072 0.24298261713692257
-3.177265588516743 -0.22276382267841935
-3.157660159831258 0.2385785149478002
-3.132886486680486 0.20490954076542572
-3.0512578215793766 -0.017276854791828177
-3.0206283386671857 -0.02769845623854055
-2.978698629770596 0.006521547699532642
-2.942825705657636 -0.09817092791936488
-2.8884727136712796 -0.11121499651333204
-2.8796707592229125 0.10215423903415542
-2.85214229209369 0.055388861783480785
-2.7886584758616895 -0.15168498826831295
-2.7527746863452807 -0.09821507819621098
-2.7331068340359725 0.24601859429162928
-2.659639769934168 0.08028682858489859
-2.6373166555126124 0.2534111462818347
-2.599848741842227 0.120560791372002
-2.541780361087351 -0.14858164590468412
-2.5064395836701316 0.35680338662744704
-2.4746961784322457 -0.2986670647384306
-2.465886466787732 -0.08500183445244339
-2.4477413336761416 0.0916889050166446
-2.404850419953346 -0.14489744111448824
-2.3734424169707458 0.1001869650780813
-2.33400912351456 0.023597015239494784
-2.304778060698148 0.22703210897289092
-2.2841265895946647 0.054380151242458215
-2.258809225118241 0.15597782801943547
-2.200218828885946 -0.19838099044924215
-2.1481498892525033 -0.21903186187049023
-2.131456262247394 -0.015089000828656171
-2.109697544996013 -0.03567430984858902
-2.075001745059435 0.038971058581701974
-2.025104502403905 -0.01344220255892064
-2.011972706578448 -0.03479061707359997
-1.9824727267731568 -0.13657866550879655
-1.9669885911718967 0.12521784173105982
-1.927633895820929 -0.4257158340884751
-1.9134294216619308 -0.38301195569600244
-1.8685869258751628 0.379090788322275
-1.8534315074611105 0.2444152945952309
-1.8325397810152153 -0.048449435206225085
-1.8110338716527166 -0.0032432882888543935
-1.7926727009112167 0.25399181920462727
-1.7647449146425933 0.18064387372335083
-1.726005164164973 -0.17405029400010122
-1.6973361169533427 0.13798942017691565
-1.6925500257589643 0.16858010664987824
-1.658528490777967 0.008894471816993103
-1.6066170855386674 -0.13022314010093788
-1.580674190074371 -0.04766593725356887
-1.5530757678842313 0.21911519680951555
-1.536040606229952 0.2541495971478795
-1.5321159817978103 -0.19946032118283752
-1.5168954371652443 -0.14308340755688043
-1.4796854763020393 0.214691744702135
-1.4472322898445762 -0.4621066872836518
-1.4324345990915286 -0.10047076678527325
-1.4214493725494464 -0.5021661208326392
-1.3983719674904278 -0.07863326668600128
-1.377938502832987 -0.5028545179290577
-1.3654254783964686 0.3002354690438492
-1.350180109581182 0.33152163831046993
-1.3099448011558281 -0.02123499023987645
-1.2896825051834921 0.052072691503312334
-1.2771995841335408 -0.08107644365903682
-1.261823809795839 0.19367889834539867
-1.2413140774993439 0.04037710845394775
-1.2176368963174338 0.31533938057232475
-1.20285638939959 -0.4152341317465806
-1.17891964580724 0.1055489726490347
-1.1572012563017422 0.2365744268050685
-1.1411260312843432 -0.030013907170955673
-1.1344959065471343 0.0553169266142804
-1.1116122181238695 0.17269753276253763
-1.1057341925930837 0.13382062559721386
-1.0770529815245642 0.4814360075505733
-1.0668520434192899 0.2187357623457635
-1.0524886753203329 -0.23374656157411086
-1.0373461890593367 0.5735920646785961
-1.0108838059589207 0.2709770825589348
-1.007295347373439 0.38065900753882037
-0.9815496301077402 -0.46642047292396416
-0.9693074327287374 -0.4812288864446864
-0.9518075522313693 -0.2025477862543035
-0.9419466041021949 -0.4433031122073696
-0.9288565414269868 -0.4441962911396263
-0.9251636366508681 -0.470607993651035
-0.8901443179798793 0.5040115597999396
-0.8758526768949157 0.42012820213216084
-0.8636952490385572 0.41992204392882493
-0.8493108689426739 -0.00048309115898005617
-0.8398121652482826 0.24875214968550147
-0.8349213061206234 0.024215685394494084
-0.8174289713605312 0.13024357994868088
-0.8126316332648915 0.09618905454167945
-0.7838078808607718 -0.1522612931155235
-0.76828216676318 0.2610416822816392
-0.7617041907475728 0.41617911660506507
-0.751785285746641 -0.36946393463443616
-0.7423566426329663 -0.3929566362690401
-0.7312383416454888 0.6399059080650273
-0.719579082774713 0.44832417559317644
-0.70724295008132 -0.023369409672446526
-0.6966095003046079 -0.11817287239726762
-0.6914016074795297 0.6621202985162982
-0.6683612410640293 0.4851951326142136
-0.6569237022831536 0.045215545250195305
-0.6452762054856735 0.0824820175483766
-0.6352886005068228 -0.15432506192024392
-0.6240536498740233 -0.6174837489394222
-0.6169680173953989 -0.3032122994664719
-0.6129301317029845 -0.5021955850792532
-0.5895903673922144 0.3931858564689886
-0.5808564926599686 0.14881617725897253
-0.5733912979597796 0.024019677090044073
-0.5610451136191956 -0.2372888823242197
-0.5573130699435836 0.462860174451563
-0.5475948238967283 -0.5028531511607108
-0.5353114603944845 -0.2516372211662348
-0.5252750367320859 -0.05471839623241512
-0.5230332991808382 -0.24737905617217207
-0.5020618034402898 0.44976174796725954
-0.49694092361235387 0.5764156271564825
-0.49265091929563626 0.17470058330398905
-0.4916783318092061 -0.10206687503721437
-0.4761643576051141 -0.6820631317236593
-0.46665879306927516 0.5631491112437954
-0.4640580502196959 0.4215095806833807
-0.45004012962473333 -0.4504231875959832
-0.4478411755074089 0.16290929776225188
-0.4287394885265978 0.4508384996238703
-0.42317051114396487 -0.31736076929564255
-0.4167078906660633 -0.2989439733800412
-0.4142430106160316 0.6591191772112843
-0.4002118364178876 0.05635666109062044
-0.39522323160987377 0.20781654304405314
-0.3868337527766088 0.26699963303682
-0.3828532929655088 -0.06023466012606001
-0.36972406758160015 -0.16029262173115438
-0.363206031479031 0.6157979157996475
-0.3598075253248059 0.7312317573084876
-0.35113384929159075 -0.2781934994595699
-0.3486384984638135 0.19511679655966016
-0.3344981474897095 0.5818745469064195
-0.32941370737435327 0.37455338193709276
-0.3236761573928597 -0.40105551685637203
-0.3180414815215439 0.7851393420977864
-0.31462546051951285 -0.3265700862269095
-0.30800754559601595 0.08226704749875947
-0.3042512614806994 -0.27252088183587625
-0.2998621434764336 -0.10254547353871678
-0.29278208981859694 0.24728663191975875
-0.28959344749759725 0.3070312282404028
-0.2783593760345463 -0.2686718211025022
-0.27600441268732273 -0.6651474381194104
-0.2694686053924548 -0.022005781379762203
-0.25900775334986004 0.16244207354551873
-0.25283674036016174 -0.024579929812721193
-0.2510159790982891 -0.19662218171020862
-0.23859237580120957 0.08285655804087709
-0.2377676044773723 -0.6236390673034087
-0.23454174435576594 -0.344051550493488
-0.2309269331279607 0.670481815982144
-0.22844524399895622 0.6093243464873985
-0.2234781409132299 -0.5963404819748489
-0.22190853796999443 0.3288495731071259
-0.2132080528027255 -0.7673792386776344
-0.20947612091413678 0.5195018132386582
-0.20433922444078542 0.5777848711494116
-0.19773092497964723 -0.4596087809675422
-0.1951369320425947 0.649382471947369
-0.18739840142096476 0.20815955926405283
-0.17982117603728678 0.6360478043268842
-0.1793785651157508 0.4672417377487317
-0.17612417294126062 0.16154005768945476
-0.17369176177918982 -0.09398205534065829
-0.17173615996394834 0.06515163720506925
-0.16673192117131214 0.14407760243785597
-0.16045682845904832 -0.07860958214597365
-0.15859828526146105 0.22069844889940954
-0.15656295450803864 0.038757929278275705
-0.14933271799009337 0.4173127496900504
-0.14786421872736757 0.07036321197019561
-0.14497958482345114 -0.06335578181819379
-0.14159341647596113 0.7451014242185284
-0.1357960438912633 0.20963710425522392
-0.13445644910502125 0.1625401998357845
-0.1301006935129804 -0.49573649504789125
-0.12835301899377788 0.7228073618754712
-0.12409219704106204 0.6524174897199657
-0.12276933653439182 0.33100602276032703
-0.11954426899203721 0.6587299672710462
-0.11571003672313522 0.06784349025902717
-0.11138835299396165 -0.7168516657455769
-0.10950456118010253 0.4884953546708916
-0.10749411900296436 0.09407043254304237
-0.1030649701191914 -0.6423405548557746
-0.10040385237549133 0.057612332873889005
-0.09813431658122 -0.073879786460533
-0.09622556060188182 -0.2841076744781092
-0.09237468832273447 -0.24021095121325495
-0.0890281493425461 0.4933505374987279
-0.08637694677434565 0.0048125729155205355
-0.08551113245902572 0.08649971655205989
-0.08403241468389054 -0.143539968969486
-0.08137812073649356 0.03157263400540083
-0.08019686114557777 0.49590477329304317
-0.07723061742519045 -0.1400217935164452
-0.0747712645237132 -0.17801404883164473
-0.07381973854260485 -0.6403280249824604
-0.0724031429701594 0.45943167077015856
-0.06918547829528669 0.08422235970210297
-0.06681220835749242 0.6277016785531209
-0.06593967316276794 0.4909871951103695
-0.06175848105212282 0.3008031881515954
-0.05843869781373054 -0.6197897890643459
-0.057232475075603056 0.5858613995031553
-0.05615245162115038 0.5015953171461953
-0.055513179406773215 0.6452434182961453
-0.053324476725867334 0.6138912557322681
-0.051936737205283 -0.38170590226748846
-0.05111476707453596 0.5709609087935581
-0.049126573944531585 0.47465126002359664
-0.04762057843395899 0.37309105978331925
-0.046747214280598436 -0.32197927969813284
-0.04547349065487074 -0.20748677852927883
-0.04280444885691464 0.2086239190883679
-0.04152665616204756 -0.3944925167610363
-0.03847492479497538 -0.15177146510189216
-0.03689578858074287 0.1807584902971936
-0.034501029203918995 -0.057276826780556074
-0.033445868470409576 0.32803445186007885
-0.033386251068981194 0.5729687078040838
-0.03284444579001139 0.5843155785229769
-0.03101142336809854 0.29808661964753796
-0.02997904460169706 -0.2724074453967691
-0.02888350848234304 -0.29673291759585924
-0.02877183291924299 -0.4412726500946474
-0.02791373933549949 0.4399285542049
-0.02712518426322626 -0.44341621098456047
-0.02607247153187628 0.5041187659589388
-0.025231664779815918 0.5627737228671482
-0.024901750279976896 0.5469428825376065
-0.022566344558841277 0.26390478471554535
-0.020790320309867046 0.07127453199601222
-0.019687346638821077 0.05381180314074498
-0.01739419514233898 -0.14494337328328688
-0.016882665373165167 -0.040143644767540065
-0.01582550301182937 0.19813738492506658
-0.014520309639371443 -0.17682311640506157
-0.014242993405989775 -0.014653747777842315
-0.013711242888961028 -0.48973722340542925
-0.012727196800659108 -0.8129676727691637
-0.01261531768745339 0.44924876445605066
-0.012312403331686117 0.6227223607523641
-0.012019808863799244 -0.17768887463091473
-0.009990963452919508 0.10507524694363815
-0.008746213177888413 -0.015287072112467045
-0.007836157690474006 0.1320237457433762
-0.006697710615807332 -0.20608032978376867
-0.005487049557995234 -0.13166667765071782
-0.004707996541062454 0.246325242254057
-0.004076363499035083 0.26691579309783975
-0.003941927696158036 0.39152897495456385
-0.00342245997583314 -0.6174391475657376
-0.0031293610814830384 0.6592283781287558
-0.002833620826264639 0.254635087457811
