0.5 -0.34626300873041627
-4.09618343516719e-8
-4.659169003833523e-8
-2.9298359125506004e-8
4.3923144812138586e-8
-5.7873024398183306e-8
2.867758659205557e-8
7.519928725713762e-8
-1.044272306182237e-8
4.990938587990167e-9
-9.121379132420868e-8
4.7168160814193896e-9
-1.956230610619894e-8
-9.901305428255304e-8
-1.0858375287498918e-8
-1.4504756092699863e-8
-8.755674059107901e-8
-7.076289734576252e-8
1.823243245078834e-9
2.2933606211412335e-8
-7.915422664247205e-8
-9.184930772732904e-8
3.1689333228179384e-8
4.760410193667125e-8
-2.085750080125534e-9
-1.2919252820698184e-7
4.56754266993267e-8
2.021670605803558e-8
4.726407615183726e-8
-6.155063767746205e-8
7.110900418041718e-8
8.505976059200382e-8
3.9235435201682704e-8
-5.883639370435904e-8
1.050183930186092e-7
-4.623289447733425e-8
-1.5884805214599015e-7
1.0195495549424421e-7
-1.0625802254724056e-7
-4.413926913492464e-9
-4.0491591437273276e-8
-5.832512174788156e-8
-1.0735317502728341e-8
-9.863130666971633e-8
7.638932886129927e-8
-1.882665759881754e-7
1.4238313308086623e-7
-4.6902257246826716e-8
7.403427706837841e-7
7.407833749607371e-7
-1.331855175397892e-7
8.729177187620139e-7
6.103346807414079e-7
-1.1088003998128701e-6
6.973557690485492e-7
1.0907119462146802e-7
-6.617118496515636e-8
1.3604619972141647e-6
-2.7731886353904965e-6
-7.788191852177003e-7
2.2645979666256197e-6
-8.609709170525893e-7
-2.263816328452489e-6
-9.008828358334877e-7
3.148302841101199e-6
3.0339220822952623e-6
2.9057956543435323e-6
-5.161735425814924e-6
3.15937617953369e-6
-2.306900444024655e-6
0.000011174158752262536
-2.7313897609207925e-6
-1.9221663639776904e-7
5.167742291833256e-6
6.6494181191924565e-6
-2.6726982633399507e-6
-6.934135435355394e-6
-0.000011261938262567734
-0.00002033964458624464
-4.399989810933963e-7
-5.069524528397033e-6
-0.000021087240831541927
-8.268888833083348e-6
-3.1061075923746476e-6
0.000027568102039600186
1.7959551388573078e-6
9.672365224725925e-7
-0.000019881930228823503
6.915883852004626e-6
3.02324009325793e-6
0.000031237724242691744
0.00003364486042997649
-0.00003659671789064446
0.000015950416223623514
-0.000034919446551126184
5.564774422196925e-6
-5.419295508428968e-6
3.575690396454231e-6
0.000049977704586522345
-0.00002986891672493222
0.00002361147815552706
-0.00004009352026108477
0.000022936613182792355
0.00005801704374461915
0.000012708391059178935
6.868897365524753e-6
0.000012887227763795145
0.0001808876696581213
-0.000013483684184420112
-0.000015282840224600776
0.00003774539784945403
0.000021171522230796114
-0.00001900673160987903
0.00012285791145816253
-0.000024199240543417456
-0.00006102645681422629
3.011852605828117e-6
0.00010574022004735677
-0.00010889107476200603
-0.000010738354376961674
0.00005399134497839404
-0.000051475108086037446
-7.151125364302458e-6
-0.00010640383069327306
-0.00010738686081256282
-0.00004498050976352974
-0.00009623156368200466
0.0001485772583485786
0.00009930461339637487
-3.065146614994733e-6
0.0002961959946325075
-5.063979356939458e-6
-6.538270129016966e-6
0.000054503000447998155
0.0001437395878865611
-0.000012276204410992772
7.647424065611027e-7
-0.00034558660391592735
-1.2992252009523322e-6
-0.00006990092592215296
-0.0001765848674729804
0.00015745498868759538
-0.000047421699296560666
0.0002617003798658428
0.00010384484689156045
-0.000015528339860350262
-0.00022301670244605798
-0.00017972699152611166
0.00035556772412492874
-0.00027215579422718716
-0.000055699594593347564
6.883341661192059e-6
0.00010119023127146927
0.000054889565042129645
0.0003914198507501371
0.00009753327596326627
0.000010260437183977317
0.00007584845623749696
-0.0006625263691276268
0.00009844586089169139
0.00018684485946328665
-0.00012018674019676027
-0.00009676695159987988
-3.963430261313899e-6
0.00019467352160742785
0.00013393566880275616
0.00021910891354567146
0.0005909703190232054
0.0005535383341257732
0.0002584972204817985
0.00017435989808563845
0.00004661146572404537
0.00028156056058319996
-0.00028213670334945485
-0.0003487879732709753
0.0000217077483103406
0.000010402054885955904
-0.000555956815278208
0.0002845942886221622
-0.00013226598080078687
0.0008593721882732699
-0.00016785378740828938
-0.00007744602143821542
0.0000407364749129268
0.00006059538322767188
-0.00002721025337381748
0.0004953415475115983
0.0005936479048927701
0.0006252329567048797
0.00007006892677645317
-0.0002996933633964752
0.0003873717684277824
-0.0010298341577502578
-0.00040222292711180853
0.00002055464421616643
-0.0007398855034589476
1.695883522602537e-6
-0.000043502450856162304
0.00003617824934308827
0.00010174314830949131
-0.0007679753606386316
-0.00043406521904630646
-0.0013110112857645955
0.00026912413777115384
-0.00008022647353891842
-0.0001955597355315623
0.0007009939387504742
0.0004361017314424154
-0.0001814472337544043
-0.00011654146217491646
0.000020989576873981677
0.0009278627280604168
0.00010955289645239783
-2.8989228876265355e-6
-0.0013085959714151947
-0.00010387045169518667
-0.00023165510869053868
0.00023974396510633325
0.00023606126197399935
0.001954294101336661
-0.00014493903081571783
0.0007825295662415064
0.00043395813171836275
0.0008539073423571511
-0.0003239631310702581
0.00006789968865190892
-0.000693292758666576
0.00013283056198452043
-0.0001526666641387413
-0.0004988092379037812
-0.0007159091987890095
0.00009952541008674498
-0.0006427112080441796
-0.0011347097116369434
-0.0007614406389066489
-0.0006652323213545653
-0.00010813419522786362
-0.0019650753932938477
0.000381281435990207
-0.0000676024774574771
-0.0004148993768143554
-0.00036966260107834014
-0.00007816700451152218
0.00010222733989690683
0.00047155808801945215
0.00018548392064914688
0.0007593171173004202
-0.00008347435307140171
-0.002524909286140747
-0.0011422614430153329
0.00018818602733634525
-0.00007837669606511213
-0.0003425803552614478
0.0016453172360557935
0.0010394439629831476
0.001126689847358294
0.0001640674754036094
0.000576669954927955
-0.00008032459190126327
-0.0004263316018598726
-0.0015131700040812727
0.0010509305768762534
-0.00009192210191921442
-0.0002706927990081997
-0.00019670106669817641
0.0006006092958058504
-0.00013660617676987781
-0.00030847117767224974
-0.0004649227413375658
-0.0010490027734482007
0.0006646003232566143
0.001147128723078874
-0.0019267058107052793
-0.001570785476161923
-0.0001929971501740745
-0.0021682670054727375
-0.000387672428731019
0.00039530864265780705
0.00030904886533488765
-0.0005010948285247382
-0.000690021502244455
0.00009228410491641216
0.00015410667469476058
-0.00014944704844217685
-0.00028537070036850783
9.9099046955527e-6
0.003700299456537457
-0.00027359331277272144
-0.0005796187317602937
0.0021224371247240445
-0.00007924466499752364
0.0005907669303153805
-0.000565655810843952
0.0011200759487031287
-0.00026222634693073057
0.0011244281470538947
0.0002880498878481316
0.0025645194812064327
0.00005090148636404309
-0.0027649654403701066
-0.0017098976842276012
-0.0005288905563885817
0.0005291044594170085
0.0007727695889323776
-0.00030895124047953046
-0.0005988170954715767
-0.00027715575572861447
-0.00042265455222859636
-0.002141004190009804
0.0005539560949424563
-0.0006091728242519137
0.00020207520388468335
-0.0004629177727468842
0.0008995739080158297
-0.0008654414988468721
-0.00031423290854109583
0.0007423116113334256
-0.0021467428366343344
-0.00288024479815638
-0.0009384464565932503
0.0015523130536002668
0.0015303404933511844
-0.003638732364498052
-0.0005791192597318928
-0.001199444573460135
-0.0022695635715135228
0.0005350472513475431
0.0008479874747313551
0.0015234265215192998
0.0004225498069674533
-0.0004038534665028066
-0.0002242457440899472
-0.000989599780101654
-0.00037704270579537826
-0.00004064401513467778
-0.00019239396242861322
0.0003735935699719132
0.00006434866880650607
-0.0006371049763628799
-0.0008503338225050809
-0.002314089797850503
-0.007165082144688614
0.00027434962316522717
-0.0009931099141118544
0.0003224632108312419
-0.001177946640640104
0.0010173833871769894
0.0011368647901174277
-0.00047218335263706423
0.0004993542474763164
-0.0011686919206969706
0.0012512280476021872
-0.0005726848249081209
0.0052167945440627006
-0.005471664939292904
0.0011757987155211545
-0.0006443751420599077
-3.7404226330528172e-6
0.0009438474367754712
-0.00042727303600324703
0.00036846889800460736
-0.00009450736216686774
-0.0007640833218132162
-0.00037889783891919214
0.0005647316629543613
-0.00018452626756760708
0.0001255323345822746
-0.0001048910113037255
0.0005887435051196494
0.005853522583986976
0.00028357321396114624
-0.003705033711622542
0.00017084726335863675
0.00053771565324202
0.000496292663037105
0.0033163229898256776
0.0010931767124493334
0.000260298303901891
-0.0010439047807700318
0.01501579036171661
-0.0013929719204275632
-0.0001536985623721258
0.0010039415612467183
0.00021862843299987625
-0.0005220979147616281
-0.00033398031483998264
-0.0018436848435464885
0.0003894810381453183
0.00024894682058013043
-0.0006471281961382881
0.0005369294257767843
0.0015735609238405953
-0.000048648206693134355
-0.0010342338223782472
-0.001636247270476362
0.0007812744375362094
-0.0003696533915415019
-0.0024300993594613906
-0.0011696120796655313
0.000393775836526306
-0.0005164899693429394
0.0002091227110267349
-0.000021296074623227334
0.00006724266255255658
0.00040549222798085406
-0.007527702759462004
0.018602519472566803
-0.0025191223895246286
0.004189332434450582
0.0030147921574533443
-0.00019474309162646235
-0.00036673510066253677
0.0010991951545281484
-0.0011127805832441828
-0.0019154662714315639
0.0001576709631077273
-0.002403063435431207
0.0013904566252733838
0.00012452520338108894
0.0005805421094381136
-0.0007259512231673373
-0.0010352593798122554
-0.000024965254190167185
-0.0015795815566010797
0.00012276488574300653
-0.0005596290092296591
0.00020035640451746957
-0.0019544475960246934
0.0013786736454100817
0.0003729067888594514
0.00007958716769499691
-0.0018605855972794439
-0.0006870095296759368
0.0002467783358265035
-0.001260053235176425
-0.0005335772714428511
0.011789617021411408
-0.00198938110235299
-0.021734739994247226
-0.0010159872873721442
0.0014847197636464122
0.009171213675768381
-0.0023654736882322567
-0.0008758196378075364
0.002714086968702079
-0.0012900448949873262
0.0011929560784107454
0.0010374313896620254
-0.0008973233149416752
0.0004346599564276319
-0.0007532531639827401
0.00009183686569085001
-0.000499035236187214
0.00021601810294857518
-0.0009938326303550451
-0.0006665384383020511
0.001967910728088226
-0.0015652516520727122
-0.0002803949027889453
0.0013322029039814901
-0.001115834247660068
0.0007610543606580036
-0.002058437231076093
0.0003731979280576043
-0.002314619906514242
-0.009667133866375185
-0.013753807858865319
-0.0027638616464007943
-0.010084747908281127
0.00008316265821617478
0.004784693326340531
-0.005281196183895558
0.01017978481089968
0.0005851306305004795
-0.002903383264473709
-0.00037990894377939777
0.00042756259788632593
0.0001449682093707975
0.0068311143299242035
-0.0002978621591592587
-0.0014173162943678889
0.003737498587391168
-0.002752025243880342
0.0006638432236502809
0.0005732037301342474
-0.000053067396065594884
0.00007305271262538151
0.0001645260306102667
-0.00004677714826682659
0.002407911371855277
0.0014171944137219689
-0.00003832594832481342
0.0010024240217113504
0.001133988545130894
-0.0029025947421518947
0.0002390252285925758
-0.002791702335688231
0.0014014926777173619
-0.011795909836169969
-0.015156068455385977
-0.010433430972173106
0.0017091273365002371
-0.0026352874568257912
0.006508538471599994
0.002356167535719706
-0.0011289641361141957
0.00090034610744601
0.007347931588598957
0.0013772133019195455
0.002565313008407692
0.007765694691666907
0.000951078905027678
0.006076975981220085
-0.0014875659627961524
0.001580326720959345
-0.00016932976761631634
-0.0003387055223114522
0.001852115806046472
-0.0031358179282144688
0.00036980178949898876
0.003712286504678959
0.0022285712349878898
-0.0004514457142618649
-0.003720507299299881
-0.0005953303511775661
0.00013176060680471658
0.0019272475185233083
-0.0010197279598737007
-0.005044598820378139
0.0020756546816730367
-0.01025464114214728
-0.0006553989467207769
-0.013187994099915846
0.004219835112946908
0.002537375722974723
-0.015042730936978091
0.0034471544660293965
0.002574028561194062
0.004126937569953772
0.003092815667045798
-0.0030480480002398032
0.0015322776360589846
-0.004410782087569619
0.0009248987747157123
0.00033874120745773105
-0.009207734142909296
-0.0011561219012535527
0.004169718827076264
0.0001961867507733729
0.0027265789217026126
0.0015861132554146325
1.7128311825271173e-6
0.0011948436561798929
0.0010086909468893861
-0.0014836100825020208
-0.00012477760487371274
-0.012249700728943458
-0.010180291597512095
0.0014403536691425017
-0.00043865267028016795
0.003979135862849931
-0.00098644324621071
-0.000771801100946244
0.002500206385461697
0.0006207839497242012
-0.00006134089612227401
0.0025089328015006377
0.002344894500439757
-0.022656199135971514
-0.004040834377564271
-0.010504825488830343
-0.0007133590435998789
-0.005232371701331402
0.00046651031302080633
0.00044675662231925996
0.0008853781529269052
-0.002240233276922078
-0.011977228724740075
-0.0002160869036904854
-0.00015294446162220828
0.0023541233214008097
0.00041782067626606903
-0.001148402544047083
-0.0006002699970906402
0.0019115929648492271
-0.0004344214320535739
0.002185342492911507
-0.0035023887683858328
0.002790105161128096
-0.0008880741833784026
-0.014413523360099071
-0.003278546462105695
0.0020613267783498677
0.00031116623895359664
-0.0005934961104492809
-0.004932922955726164
-0.003544672434032556
0.017576333912919382
0.00162727036972228
-0.003689436337412032
0.0010469104046242812
0.0005914325120648939
0.0010759762649499723
0.0006809852471917999
0.012553989708018071
0.006649654339463136
-0.0061332189590021895
-0.005718849247335448
-0.0007813006524951966
0.0011722591672707727
-0.00009511239335762201
-0.0006448805182986917
-0.0004333753135650118
0.002404002338271842
0.001301570423515872
0.0050351329807312144
-0.004685771661669284
-0.0001448226094796244
0.000031518363939727095
-0.00012793918046307773
-0.0033292883065909958
-0.0012243328213927158
-0.0003174595819288657
0.0001669668432184558
0.0003546361960213286
0.0010093223907894219
0.020141250921884006
0.0019930446131404397
-0.005096330137033425
0.003493434941450657
-0.0020631121373699095
0.004356796160687274
-0.0011925970363140803
-0.012911416172343228
-0.0010038254056061024
-0.006325935058929407
0.00022452270479844763
0.002068493271023869
0.002176465081146137
0.002747094700212206
-0.00036749227824551655
0.004666279613153903
-0.007211235417249013
-0.0010507111435798184
0.003965875403674514
-0.0014313348703096514
-0.0001322592889715925
0.0005410108460752749
-0.0030518335620571975
-0.0049926937656723175
0.0001843010366594066
0.00013728398696715637
-0.00007882296579550132
-0.0014518783157674514
0.0004699560486776368
-0.001188042317109501
-0.00023714765283871207
-0.0011243583268924103
0.00007764567918273885
-0.0037727786669120543
-0.0032269519479576894
-0.0024588779855570105
-0.022062728933150533
0.001410835605995909
-0.0007623133614073306
-0.0012499637510396287
0.006923226263157622
-0.005215265855360252
-0.008134979580798637
0.0005538957294383029
-0.0015350243730028674
-0.0010267895110055074
-0.001106795584931266
-0.00046238477701188635
0.002028961768285795
0.007860693491334258
0.0012025408468776607
-0.00005416188068960033
7.570897457156329e-6
0.0011056163662196306
-0.00028317274200764027
-0.000010698795530794787
0.00019649402592069397
-0.0020063564649979307
0.0000363340197555161
-0.00011550024566801549
-0.0003624791073209744
0.0011718602473861119
-0.0013735100927358282
-0.004622520334928287
-0.00006703355859987976
0.0013791405411018765
0.0012256661698716769
0.0010501680327596023
0.003434572055745413
0.002150316891119916
-0.01393290871302315
0.007078995370911412
0.002936781424938247
-0.003196063273037296
0.00019349646315685627
-0.006649464383663878
0.001407800818008445
0.0005535802594082121
0.000737589714856918
0.0055639666540913705
-0.0011193467853916662
-0.002526414600367144
0.00037952586581805654
0.0027296334264695537
0.0002220805924860923
0.0007143139663343206
-0.0004704876445230502
-0.0012554079925499717
-0.0006375635435784991
0.00046136157406390923
0.0001064905356961539
-0.0006940088934199084
-0.00003325737245947726
-0.0006877362210164621
-0.000800889332274838
0.0019683113728832307
0.000951209488115815
0.0010637258157390544
-0.0024826314759456443
0.004687298563306461
-0.0016285121999153832
0.00424350890196174
0.002146982512927261
0.010495867855072753
-0.004646507871379832
-0.003437224629513244
-0.0010100377950637955
0.000385772093872788
0.0005645783505084157
0.003098000250318196
0.0021848110700168023
-0.0020108725680123497
0.0003177468586392178
-0.00173941151391774
-0.0007289947066000396
0.0016088884440379936
-0.0007062095466664565
-0.001716222754156605
-0.0005693109205259026
-0.0006009513781601361
-0.00017548230805999556
-0.0000318914036374205
-0.00036365278431161924
-0.00031922945139938486
0.0004082060838654147
-0.0007795540410114349
-0.0001874678707879781
0.0021219799218214646
-0.004823746306104459
0.0020764849592978325
-0.000932788452942997
-0.00003171969403494387
0.0020945300135541906
-0.010573705593369698
-0.0010833830885463157
0.001008656483257048
0.00023967849290431147
0.001829309807891996
-0.0009068908024059452
-0.0013574729991528383
-0.0003004928452178538
-0.00007209518335242621
0.005427724064923271
-0.00038618274741959133
-0.000252305917824816
0.0000530936325565031
0.0004184369187636151
0.0002358757807731615
-0.00020817559535446327
-0.0009328686334702832
-0.0008514094103024754
0.0009434614104618272
0.00031527413794022347
0.0003450339306755093
0.001993010597384384
-0.00029025157754270783
0.009512706502040967
0.00004160011515350343
0.0005464348402757494
0.00001979183237765878
-0.00006825951598193564
0.00034327792093638283
0.0001369222037943227
0.00003764270546087092
-0.0001616379780936814
0.00003995319173447685
-0.00017302494349085245
0.00019683769690157903
-0.0016303331501785812
-0.0008851890598186586
-0.0035754333565986003
0.00388902210788642
-0.0016105206659721234
