0.5 -0.3460321082902081
-2.1468270594120986e-7
2.520842113788027e-7
6.902588989744973e-8
-3.1607742246602215e-7
-2.0752849818875032e-7
-3.016852720360655e-7
-4.0326756247468335e-8
3.614347957763483e-7
2.493625897383859e-7
5.11882525097873e-8
-5.70393776426164e-7
-1.8347403286002858e-7
-6.431860335673379e-8
-4.700697868811611e-8
5.874402775491087e-7
-2.3113095376787026e-8
-5.170341648195318e-9
-7.494291995419662e-7
-1.0062828929378162e-6
1.4752423869810476e-7
-5.303739464396659e-7
5.098101251486301e-7
-6.706399224922467e-7
7.263009841011503e-8
1.4300540761299685e-6
-1.2839380912755806e-6
2.423991158862876e-6
1.9501061081338756e-6
5.364587845540956e-6
6.3019015988064e-6
-4.728661254538915e-6
-3.976613974184387e-6
8.386540435104304e-6
-0.000010353069345329608
3.4048209311364437e-6
0.000014973328311826006
-0.000010407221437312092
0.0000340260121641226
-5.01750353802656e-6
7.785797446983365e-6
0.000013168731051228327
-0.00003629494547721005
0.000027664239915915606
0.000017051869697415026
0.000042915165905560406
-0.00003862444797712063
0.000030158098639036045
0.00007107411496295931
0.00004386156591067363
0.00005633047588778845
4.661370762184845e-6
-0.00006435944890135389
-0.000019242893382718704
-0.00013288384363328924
-8.29545123915515e-6
-0.00002869120688352608
-0.00021843014335436482
0.00010271456495749239
0.00003809164605663515
-0.0001734787835114418
-0.0001595566652108525
-0.0000248390878012038
-0.000025894021317722367
-0.00024609287751985984
0.00006209317062004247
-0.00010904378017821055
0.00003340686573254672
0.000532454338369223
0.00008316837982443652
-0.00030094647692384505
0.00007366404666500628
-0.00007222785153257019
0.0004339980485000557
-0.00004869177490415486
-0.00017849334223042886
0.00045639477129825914
0.000024030633850310447
0.00015834897467768423
0.0002529618847111601
0.00046184638702025186
0.0003389815412485647
-0.0006833229306336427
-0.0003197216090488049
0.00015229916176153892
0.00020829093669192452
0.0002446953932342333
0.0006603411682747646
-0.00036413966798283515
-0.000577457985406986
-0.00009453901591810269
0.0007834673403089829
-0.0003015428591549627
-0.00010999981104412323
0.00039163300818265264
0.000028591487641441693
0.000011429162593112819
0.0016596655425631442
-0.0003418464659398359
-0.0005975289427423022
-0.00005520218148301859
0.0015254214732639895
-0.00021330049955822457
-0.00040965314053990345
0.0007094929574834706
0.0004371466218269374
-0.0019238916335679302
0.00015532089292975273
0.00017988591148552032
0.00006092065126668664
0.0004930233876732132
-0.0008581146788668232
0.0010018443134815426
-0.0005602977511820456
0.0014096313033182643
-0.0012229559939498696
-0.000022943378086591302
-0.00009529346111805358
-0.00016489534767928578
-0.0016381583809194904
0.00018483362711495697
-0.0031006269523948604
0.0007367048208050504
0.0006728211592681344
-0.0005444881847092371
0.0009458308081709705
-0.0003917529342376032
-0.00006264217064079364
-0.0007243284775448458
-0.00006584722507837949
0.0004310094251181005
-0.002572123281022317
-0.0038423898227889957
-0.00025573862678937646
-0.00020086490703244398
-0.00011888150697162928
0.0005201904719956335
0.0006374069569341326
-0.0001802316917304109
-0.0019620567145259113
-0.0008407207802683462
0.0009431036298420993
-0.002813488366276008
0.0023985247535682408
0.00043961932257284743
-0.0006479823725243888
0.0018036047643458712
-0.0015948549348913615
0.002746266206859445
0.00024301196441859884
-0.0011690021298101426
-0.0009190877268142913
0.001446498113909708
0.0018300524227804044
0.00006039114759134529
0.0006527890292718908
-0.00038481545389070323
0.0002788511270264854
-0.002114529389704351
0.002747986753095818
0.0015019155086643371
-0.0033116418608264285
0.0010611563453055705
0.0043132004754315055
-0.002343204253235161
-0.0009404352511593608
0.0014575758898826123
-0.0005870539992710182
-0.00021662961344854625
-0.0004168272223461141
0.00005048606409579561
-0.0013366138996743636
0.0004554664053884111
-0.0014152626161907842
-0.005010187899208187
-0.0028035079694714964
-0.0010099657233741182
0.0013586468741105379
-0.0026104136487758336
0.0008867287310326262
-0.00032460670304098027
0.0050396129403370345
-0.0031865754802225554
0.004387762283838482
0.0024566442252811596
0.00005165783332314287
-0.00010383203075756879
-0.00007429284052760533
-0.0009176189099896631
-0.0010351214339841114
0.0006867554718686503
0.0009329888659888197
-0.0011325448983711785
-0.0007016804464389645
0.003956369999985046
0.001551506474839466
0.005731705343165052
0.0009541818969062904
-0.0009106355027140828
0.014590131496650767
-0.005892136021452903
-0.0006233589193201023
0.0006896091365307758
-0.0010273527842581134
0.0015564699762510847
0.0003457766208359018
0.001823419974041258
0.00025434374281613415
0.0016281038359990303
-0.001777525942120133
-0.001578608886587794
-0.00022107350287166858
-0.00033748081495653544
0.00013590259496485966
-0.000440981985096198
-0.0002893293520183759
-0.0008237466263025337
0.0009630753187218795
-0.021254816309302132
-0.007774612298714747
0.009141472988653278
0.004090667455579878
-0.000912967471424449
0.0001419106271428182
0.004227954099586544
0.0020658291080957033
-0.0012968245530300038
0.0006137137125981324
0.0009732401170717246
0.00010791007750897599
-0.001584467878229133
-0.0001416695037617043
0.002024445125838695
0.0026329139527752022
-0.0012531147177497592
-0.0010070370438459134
0.0034917136954528043
-0.019385972153109204
-0.0011126783239557708
-0.009980584724350356
-0.00016173488773763337
-0.01295243593828144
0.003243709680936396
0.013719291690027354
-0.0005374755976148232
0.0005005637506052117
-0.00021331463982098567
0.0017651187543711567
0.0001173167077385413
0.003349631211814328
-0.003585386030390417
0.0014880014329417572
0.003243899052664902
-0.0003892299632978378
0.00031125439367592987
0.0012123592185248578
0.0006875737903642478
0.016370262039346262
0.0054570793119337055
-0.0011312633849447384
0.02524239708253237
0.0015538464878885193
0.0024582177560645447
-0.005154513874397283
-0.009427708751142693
-0.005135497300613408
-0.005072609817715372
-0.003955265661781481
-0.003783196749525171
0.004838249878420026
0.002703203590871841
0.004269474221089669
0.0005093338107693878
0.007538057505641825
-0.0000565025760514693
0.00035570193097803337
-0.0009655896427498623
-0.00010570129582628833
0.005469150145905713
0.005194920530011795
-0.009709670525678539
-0.014128876249748403
0.019473525615355845
0.006530335294855538
0.00010519272723589258
-0.0005727011712817445
0.015905806528077153
0.005358449263583806
0.00028940200773528563
0.0006288762473623783
-0.001669712047662163
-0.014311500685957901
-0.0020136593609844993
-0.006573027880769498
0.0020109141778074597
-0.0008884192796434766
0.000896886173606936
-0.00654008057909836
0.009379040330912934
-0.012367022027626982
-0.0011547641244415991
0.001227412303788375
-0.0013579348412562405
0.019851423883236446
0.006999591526808608
0.008038593781087837
-0.0011358326755501688
-0.02061860148509806
0.007318121298533432
0.002434880180086377
-0.004761861593566128
0.0010820873761200817
0.003453872306127717
-0.0015183387858501826
-0.0011000094763370218
0.01276060804712964
0.0021179351016187534
-0.0009072030444337736
0.009232588291254888
-0.0010940503367191023
-0.0014721087501862698
0.012472516494210434
0.02063665509304942
-0.0030335803124760595
0.0042998709166621836
0.004366556358317638
0.0014682522829554626
-0.0026294602081292627
0.0172759326695838
-0.005019426423767661
-0.0024087778495548826
-0.01768495428168614
-0.0016675572550693698
0.0011478160684723876
0.0014773036820043188
-0.001046294833641814
-0.014787022283855688
0.0009060939711896536
0.00013246124928424662
0.006552700639867925
-0.00042488606438058026
0.0003466873605365405
-0.0055697044263990185
-0.0016070709512447652
0.005487412996264024
0.02356800635873685
-0.004410231377813247
0.001084969572902402
-0.009329918678070242
0.002972102366030917
0.02001478396788569
-0.0023418061642477605
0.00600939655336182
0.005935189790560945
0.00935929206722637
0.0020246897263021106
-0.000799169304617832
-0.00869534143472313
0.001110223297125679
0.0006983546162614906
-0.00020196361857553456
0.0033889280695515896
-0.00018766382189742197
0.0017272326683925752
-0.00015442055693357218
0.0030108298223360083
0.013468676550159098
-0.0007077850106656081
0.0018527895172705219
-0.016859398429288824
0.011940968087765482
0.009471937674273402
0.0008965329301487084
0.004066380955820829
0.0027272283173935346
-0.013132447383906454
0.000970572463936775
-0.0007216544172418057
-0.00809241694641826
0.00006613414330740448
0.000037151866734773285
0.0015102746166431845
-0.0005884291163957621
0.0027511727658527016
0.002751062151735684
-0.0006519386465914028
-0.00044809750669698445
0.0022126104774149837
0.004031624115449529
-0.0017405969768526193
-0.0004926492796294322
-0.007385532782350491
0.017900165051759856
0.0028771962479997156
0.01095801478104506
0.007793733728094903
0.00164564806642764
-0.0070139358979571615
0.0021512023952726246
0.0008608449190643115
0.0029980839405945167
0.0026946190848840907
-0.001022045697309125
0.0024172276913651107
0.0009056145668011399
0.00018778798761581362
-0.0008069204122748495
0.0009776463882823314
0.000039517700122486225
-0.003575648395676638
-0.002567828575937839
0.007504486056980955
-0.0026114947770548087
0.0013317850914281043
0.005933836078258624
0.014771139916312006
0.002711773774750833
-0.0011057577113667673
-0.0009677050345950233
-0.0023713909357219697
0.0017480937865941885
-0.002208673537650043
0.0019329261968636555
0.003828064001175784
0.0036749562970554896
0.0005514646479910429
0.0008762258370949124
-0.0004208482524933498
-0.000017132460704045803
-0.002138824482261261
-0.002246675239793593
0.003160776623936533
0.00004096955825111474
-0.002048266615329153
-0.011217052307999499
0.0013990417517226773
0.005924286312164157
-0.00004496715926717283
0.00007717581754479822
-0.00023325407309652152
0.001329604495569537
-0.00004021640361660912
-0.0004964306447332158
-0.00004390694564550221
0.0008590230435691996
0.0007759945438152757
-0.00290256901169387
0.008018542779668061
0.0029758298569182015
