198
4.348603597780967e-89
-76.90147457203551 2.8992092918048565e-7
-61.19617088945686 -1.6954776332484994e-7
-53.44046774044292 6.1825146808781305e-6
-48.02839385634995 -1.4141691250469422e-6
-43.03111634571968 7.1387093394559104e-6
-39.67499295918098 -0.00004262416365037594
-36.80627888461298 0.00007448905628227685
-33.69551543953509 -0.00014869096574993777
-31.595195896125283 0.000023481605481507195
-30.67699760971612 0.00038650304869529927
-27.955902115847106 0.0002787456424584182
-26.546676468026636 0.0009441708537556929
-24.936121423776328 -0.0015229134831715998
-24.18542565939483 0.0005388145000161448
-23.303296385448096 0.002288909435975679
-21.710210615376344 0.00035977082540708646
-20.83604436987292 0.0037395487287857567
-19.77839966551991 -0.003926457419562657
-19.393285359364647 -0.006125334139064998
-18.622636888660917 0.002367461585094092
-17.81854230353146 -0.0077269523557263456
-16.95299149271431 -0.007363168922889525
-16.493294109132243 0.007727101018698083
-15.657741052763445 0.01392973123056377
-15.507636983740824 0.0010520384103411525
-14.87115479536608 0.017877583035916998
-14.405761750763734 -0.015779531184629037
-13.900269132182062 -0.017607829056997207
-12.953562769549338 0.0051279394243612985
-12.909239517607618 0.023861866322291675
-12.641946434550475 -0.02369826227135897
-12.097480990599527 0.030672191910334073
-12.00513078176065 -0.008841625552106542
-11.170987612857296 -0.041841630567460264
-10.95692618356713 -0.02352066286941306
-10.738770695045824 -0.03455757841178511
-10.283481130103535 -0.033028607542692184
-9.856125936922245 0.0375508212996965
-9.774420057675659 0.043003469019673266
-9.578141786413344 -0.034958499282869586
-9.088562451439568 -0.05903357944964633
-9.040817490397272 -0.024324690783447397
-8.479151108406882 0.004265032384641759
-8.290260276643991 -0.0785787565168207
-7.996059421917579 -0.027237677141384833
-7.8655921409527245 0.04249982048178702
-7.713879727555916 -0.016993217430381315
-7.369543096285837 0.05803826286359265
-7.303525085905158 0.07494076325369575
-7.036584064421589 -0.09885391301363636
-6.816876696024704 0.009726585045600509
-6.488579820797563 0.04658493298345522
-6.434742551285172 -0.021180765994867002
-6.237542818159424 0.09233124481595142
-5.982723639205074 0.1085311947065162
-5.74606112653985 0.11940651362262202
-5.703408048692718 -0.09166166737827888
-5.5333496851350485 0.09519149095564156
-5.428997003560944 -0.09418154119690617
-5.198385189535406 0.03425692952169175
-5.0974188236084865 0.06016286845126338
-4.973980854135913 -0.10236252124955168
-4.779299701416795 0.12128292382888312
-4.578465636875699 -0.17405603508625103
-4.4690492889727595 0.07513877086335952
-4.366152562595867 0.1723430595030693
-4.258382711589184 0.051350158530796636
-4.142275256719305 0.14652064637399165
-4.072876265965024 0.08780584984591853
-3.9707266080036687 0.09294277916676477
-3.7888204609864746 -0.13167343867023693
-3.6555897312262227 0.11468083037412304
-3.532007686033908 -0.1383389113682751
-3.480265206676309 -0.03768718502519042
-3.3163415252183834 0.25521159844235286
-3.2741867896616155 0.1879171020831203
-3.184457019772247 -0.254302626122845
-3.1534916817470897 -0.10665261300673709
-2.961038226738435 -0.08726617377736277
-2.9403171965990125 0.16155365547624717
-2.8304245842154527 0.035933786000787594
-2.701350128375757 -0.08452959324124643
-2.634583635506795 0.010959301130846274
-2.557210378202168 -0.05984803021640428
-2.467769264768163 0.2006480359989517
-2.3755035676919616 0.3050448831270563
-2.3254209840797504 0.1842617534772029
-2.282218157123104 -0.3444239404525691
-2.235136858899008 0.3520940051905076
-2.140827711376438 0.022017984350989304
-2.0776488356187435 -0.12226900490484632
-2.0266672350261525 0.03142699111916084
-1.8954151576475666 -0.10266402738658574
-1.8264363862238977 -0.21595725654242834
-1.799737884404759 -0.1228658254981703
-1.775790775671104 -0.23948856942122726
-1.7129757640712957 -0.378948962979601
-1.622359392895653 0.3507812855344462
-1.5992261627451034 -0.34942933824180067
-1.5670672607235083 0.4321045349640098
-1.5477192013672287 -0.2206167935750105
-1.4180414849722376 0.40020850401215924
-1.3949870146860859 0.32892487695939626
-1.364955217276169 -0.2666361848032732
-1.3458990533536566 -0.26545556114983737
-1.3023402894211915 0.040713014766484465
-1.241395981492874 -0.2289406045582129
-1.1836224038506005 -0.20626936167557938
-1.1716054557389168 0.4665289747775379
-1.1189353242883782 -0.43065030798175497
-1.0889959416350954 -0.09060243588039424
-1.0751350516854448 -0.568853081004066
-1.0333379464609787 0.5890672833484002
-0.982209947105106 -0.2622333446849312
-0.9514037031363338 0.04763568118107007
-0.9039159674967144 -0.3420140261434501
-0.8859163739182776 -0.42454598814534034
-0.8659954485476451 0.4451200453139109
-0.8352237588205705 -0.09207270816356032
-0.7922697866331461 0.006075790507872528
-0.777446574670124 0.4741082580247025
-0.7541760499892316 0.08686437231633447
-0.7230092234712256 -0.3455285492219878
-0.706932780900934 0.6518029289641697
-0.6861692262992997 -0.12739694103487248
-0.6474079014766243 0.21012612278829593
-0.6208237976307285 -0.07499346478497428
-0.602505614146265 -0.6466806039232571
-0.5783615394676488 -0.054139781218532405
-0.5702828387457213 0.44237815853303397
-0.5300841658815308 0.3691861612098205
-0.5145562081557203 0.16597857374065467
-0.49734636574422103 0.7016898140203006
-0.4801178461539593 0.16858344815737242
-0.4625366507266964 0.5567269746023366
-0.43897794936946916 0.4666859761245414
-0.4243286970264936 0.12454077286373745
-0.421281525246054 -0.5545104392162782
-0.4014968120941881 -0.5103689516858425
-0.38079124920219687 0.45290661091459683
-0.3540574007822 -0.34874197079490116
-0.34328173213726626 0.17027552675875596
-0.3367484078888739 0.6837864175034463
-0.3229987892490243 -0.51615482523143
-0.3109400694767709 0.09752432699731386
-0.299318625131334 0.4951867509231722
-0.2798873043892766 -0.7733572657173083
-0.2748950408685535 0.5803433946682085
-0.2578719853995768 0.5620229875746336
-0.23903178315182794 0.48091163174132984
-0.231048690510017 0.717852596938423
-0.21968003452240828 -0.14080741653592913
-0.21257669633379392 -0.05944399979593698
-0.20282306863888294 0.16487464533505927
-0.19661874510144428 0.13401785127743823
-0.1881934704150241 0.6941916145965437
-0.17949672438018568 0.14312382354021805
-0.16858730462856306 0.5679719685293836
-0.16659042211825337 -0.5833928768314651
-0.15588471917322458 0.023935939731265544
-0.143759558960761 0.70151776699862
-0.1390300004540581 -0.3141392774780861
-0.12641645322419526 -0.6685443608064833
-0.1229886164290177 0.6709570021524313
-0.11588240517499356 -0.5625478723319282
-0.10895420130039557 -0.5486114679558982
-0.10501821189581648 -0.3636021084213273
-0.09801582773291405 0.33063959119437136
-0.09474443004497347 0.535323414037701
-0.09040819879675106 -0.02789463866808354
-0.08312628222408555 -0.4623076330666966
-0.07584616374430028 0.25470189628889905
-0.07260999037097456 -0.5552201402700208
-0.06980633039629731 0.6180133465786685
-0.062038760226172746 0.37746663996284613
-0.06038866592078819 0.14943861223438443
-0.056877307510796074 -0.6170869119853546
-0.05363356297647368 -0.533615141813049
-0.05200611048092473 -0.5882130303288026
-0.0492106729578119 -0.5738125411530883
-0.04464431638870648 0.1522287380665651
-0.03762079167344267 0.1975449962372702
-0.03500665929649784 0.44469500414797103
-0.031320813457850254 -0.12111233184404663
-0.029166080837651008 -0.2132127283170319
-0.026473376880395177 0.4827167735656265
-0.025350695937242623 0.4126094664040122
-0.02469357940161351 -0.8080044549173003
-0.02403729194711447 -0.4689850454490151
-0.021504689586671864 0.09554056537920984
-0.01824358140854931 -0.16247691216685528
-0.015318963719871504 0.3360985625501617
-0.012455380593241111 -0.3791800892680858
-0.009059585404248253 0.3276586190544123
-0.0077689691644105725 0.35018322239913635
-0.006706289371033645 -0.3477783195276621
-0.005924279177997136 -0.4089118376002855
-0.0057350763892027095 0.8020576330932145
