0.5 -0.34481618510796225
1.512682448911379e-6
-1.859060744067649e-6
3.62307325351321e-7
2.7198696429268944e-6
1.8369274850739448e-7
-4.135955309310803e-6
4.064380518095531e-6
-3.916993435933132e-6
2.919130107859135e-7
0.000014536352445314555
5.366289079692405e-6
0.00003523923165630708
-0.000050718085448343826
8.952521764481836e-6
0.00009926680337164159
6.207807769697047e-6
0.0001180190927990999
-0.00007185373502245252
-0.0002601564629090011
0.00003062755199776418
-0.0003168165618395874
-0.0001434297386374798
0.0002052548837904959
0.00040167883744568635
0.00001571564688896443
0.0007228942845309604
-0.00035487858216981023
-0.0006723871424606587
0.00009711781736057847
0.0006337582054385604
-0.0004977259595574567
0.0008681683353995536
-0.00015789093665050937
-0.002086432915551109
-0.000409985956365542
-0.0010709990746382298
-0.0008485885730867455
0.001074744828090309
0.0008537524868119311
-0.0007080433691519075
-0.002120089552106321
-0.0005108406517450461
0.000023908385252892703
-0.004698304132462859
-0.0004266732076096114
0.0013511657452446389
-0.0004369565086447108
0.0015279120815699376
0.00217436960021447
-0.004623545883351254
0.00010305265802346065
0.0005999074863423914
-0.0006173407434112553
0.0015416933271283375
0.0037749525491257937
0.004100279343775907
-0.004567013491500728
0.0018890196957931677
-0.0017500606543510789
0.00045889616027526537
0.0010893994683918535
-0.0034320804390052155
0.0020934107148810124
-0.007393487973586989
0.0008936097675553724
0.004021874739296497
0.0008748484062050039
0.00469904367302126
0.0019165306383212616
0.002159745742847992
-0.0026594813137896045
0.004311251885679145
-0.0020299167980245805
-0.0005763799896165498
0.011011379190767877
0.005002164794241024
-0.010687240595421223
-0.002561727860995933
-0.0014611964373755458
0.003986278702169766
0.0006089750628194653
-0.0008542611272315578
0.0007548400312330639
-0.001323112375418721
0.005125742744116516
0.012994780236978544
0.0030023616646308
-0.01641161508634378
0.01490037087484324
-0.00030437207919854303
-0.0010901236248558569
0.0006009749408891348
-0.0015434597043078727
-0.0038996305564895518
-0.001501692316705971
-0.003157080700069457
-0.02311754851651278
0.009101991762550575
-0.011691942027739132
0.01380237331629296
-0.004845082655859582
0.008692937139524522
0.0042688081916318794
-0.006943934763574682
-0.006732820411261175
-0.0007720171540824943
-0.002437626921133231
-0.00546888604012356
0.03050319977749207
-0.011572763428822855
-0.00400260100904024
-0.016001142920753206
0.017953133924461004
-0.0031780553820340658
0.00013047256041256612
-0.004337687172903503
-0.022255290981022954
0.008610894506880013
-0.0019183773187412562
-0.001398866460912159
0.016587953409406615
0.008634766687740394
-0.006270338065590718
0.050969455677007426
-0.002071828691555601
0.002490058256778673
-0.0013100079148419155
-0.023635553749844322
0.0051763803692314436
0.008571866602563002
0.006129308023470369
0.008016501291381423
0.03426788423813689
0.0009708818043208947
0.010890561516294538
0.00704009076826496
-0.0012139308099951376
-0.03571965989699651
-0.013031566054388377
0.006778962837047853
-0.003491351545874332
0.005904548690920915
0.010972192328135986
-0.018291792911980485
-0.001440769045574093
0.006710598859431656
-0.024271888228568038
0.027812875193429218
0.007475957290364782
0.012606687207805905
0.021693455268407876
0.010730715976063954
0.00016530602188691312
0.000882225901632964
0.005279873604630278
0.0054526732776424966
-0.00009291582520715403
0.011165100673588897
-0.021900486989077483
-0.0042798859225676375
0.03979847409422494
-0.0022798653536901686
-0.007630439879592354
0.015508221492361137
-0.005476463803101338
-0.0016836890151299602
-0.0009163268708405287
-0.0002879582798014038
0.004273670063339483
0.0059974794781924206
-0.011226391157405048
0.011594639994077852
-0.001884020466944017
0.03221769971779009
0.011767586256519075
0.0002535677519914027
-0.008528006858702522
-0.005571842920128166
-0.00480726381801832
-0.005725524994944689
0.00251315828494089
0.0011857943570167742
0.006175984597495634
0.007053845040878552
0.003495261858827546
0.004265904847614139
0.007490630946709229
-0.020218441710960242
-0.006657000030545607
0.0005013621989642785
-0.0025180031102440903
0.005556871788546902
-0.0001928389112146473
0.001799806298347599
-0.0009931210861226275
-0.0003899204743790317
0.00009964743680583489
0.017506813422710387
