0.5 -0.3316218963992326
0.000013524640180966833
0.00039738099288287354
0.0007384590980445708
0.0001977131597760688
0.003122224285376809
-0.003713322441387676
0.001508203677198714
-0.000282827474991045
-0.01171533714313901
-0.0016128778592535125
-0.013850423258582325
-0.0008438784205609163
-0.005917468699806087
0.006009908952814718
0.030999920347778546
-0.006208532259561468
0.014996416016702156
0.004271445441334632
-0.038872970783972234
-0.008061183977150131
-0.008333455081884853
0.017025351571259773
-0.05987712574909474
-0.004672118799575425
0.04263861852452689
-0.0071185438400255974
0.0056882326007029445
0.09727074235830482
-0.013219854896768154
-0.035136566326660144
0.03685844656889329
-0.07726666821234819
-0.037169796884758396
0.03941685984753947
-0.01410707927658022
0.051639069680472584
0.07769157047086209
-0.040861972190716606
-0.0013109906668653335
-0.02016160782752642
-0.04937343723804507
0.03206390334698815
0.04097371591851113
0.026267150709470482
0.0038291094627216984
-0.013844305173385156
-0.0141777661039642
-0.03999068799771614
