48
6.425701512313303e-100
-30.636269375719603 0.0005867406986444746
-21.13128472212754 0.0044323050151895875
-18.26918886055369 0.008629453179532698
-14.160963277332186 0.006329941787285296
-13.369826934433009 0.028192564523311994
-11.243123095526482 -0.04120183451896077
-9.624878279875212 0.03774754162040068
-8.62142781223786 -0.009212122740314783
-8.075728087309695 -0.08577549504614015
-6.475639623525028 -0.04721097437696604
-6.317211937215521 -0.1246702470447916
-5.620423869129757 -0.007344333896934065
-4.749989954481883 -0.07387372543486695
-4.28785944965079 0.12396420047736252
-3.9626214940750613 0.23574223681068054
-3.486031643693317 -0.08693228683158591
-2.927957911451817 0.21261429985738978
-2.7696402461801886 0.12840617385250183
-2.3439167689602876 -0.3012749567611204
-2.248487532286778 -0.19620389806791813
-1.8030986943308447 -0.10229533555608185
-1.7702843339604837 0.25193552151692544
-1.6764333245315457 -0.49280124169532613
-1.347557014152367 -0.17760217273135892
-1.2166018308683488 0.45419712920525235
-1.0848802045388513 -0.07946317995217032
-0.9366668832293218 0.08690926855310285
-0.8735346903561486 0.6401098516873932
-0.7383714462517489 -0.17341787780380225
-0.6619924821999006 -0.5270945793389787
-0.6066543730235356 0.455992967684789
-0.4713487171250126 -0.7143784831752966
-0.3903166031784771 -0.11147919429331239
-0.3629086970308222 0.506590627737343
-0.3468927042304547 -0.5299030783306377
-0.29335280937373287 0.3397385369982548
-0.22788161284757552 0.7572585529491663
-0.17925345221257785 -0.6307946166198292
-0.15839797216185614 0.4231580193350118
-0.14716803607892 -0.18849944717081032
-0.09412685178369819 -0.7273661687334043
-0.08797936012584812 0.43220431265598214
-0.07480832797584315 0.4424947838915872
-0.056583465227307526 0.5800532668371202
-0.04523592818481314 0.5942054144455614
-0.02684603214651508 -0.6632348524673444
-0.02047513315966905 0.1509010490072157
-0.016252832428901517 -0.7598937172565258
